0	94.62483851	16772	625.3201706
1	822.359845	16510	635.5073638
2	1437.785451	16483	685.6070693
3	1938.354033	16633	830.9827865
4	2699.219872	16836	980.783475
5	2348.954432	16451	950.6748902
6	2198.390582	16336	1038.470764
7	2196.477384	16323	1056.530755
8	2245.798314	16015	912.2982973
9	1928.69	15831	692.6814446
10	1573.399907	15632	491.1388647
11	1156.391202	15368	357.7853276
12	584.1803742	14998	234.5485585
13	373.8705669	14948	230.6409638
14	25.89175912	14797	208.1131069
15	-322.1343113	14572	203.5195515
16	-702.4966691	14271	72.45104184
17	-627.3353125	14180	20.34987194
18	-713.9045815	13969	-36.80222004
19	-792.5276889	13694	-56.23268544
20	-919.5754412	13324	-37.11114739
21	-853.9079934	13141	45.05052817
22	-814.9669406	12923	74.09686225
23	-673.034613	12597	45.47700825
24	-568.9137614	12195	3.265761229
25	-437.1916729	12059	38.73880946
26	-184.9892955	11806	67.57375912
27	-37.12444469	11496	103.7427242
28	181.8926037	11286	234.1707989
29	328.3968107	11355	457.805131
30	476.0592255	11454	689.1611243
31	563.4475242	11528	787.8764698
32	572.415825	11551	1009.918889
33	354.4075882	11774	1033.541899
34	102.7818086	11938	1008.014443
35	-21.0729535	11860	1041.645044
36	-106.932852	11627	956.7519144
37	-213.8438653	11205	717.8986308
38	-224.9352001	10889	395.4203747
39	-193.9230062	10702	88.156856
40	-161.9126179	10611	-329.7564405
41	-50.16843223	10730	-483.6312799
42	94.06793707	10941	-652.9932886
43	57.32023804	10829	-908.777338
44	490.0566848	11234	-1203.426551
45	-52.63682065	11430	-488.2851147
46	-2.862217754	11262	-723.3147839
47	177.4392201	11416	-835.8811878
48	-445.6723298	12982	301.8350902
49	-1549.995712	15286	2564.942677
50	-579.3779285	15238	1576.475335
51	518.4590799	13336	-521.73806
52	-790.9283529	13727	-1711.84029
53	-1283.204672	13813	-2327.888588
54	-937.5760161	13080	-2946.529098
55	-158.6336616	12413	-3212.178763
56	1063.339258	11932	-3158.225227
57	1700.267073	12138	-1672.507616
58	2021.628553	13450	-358.4826552
59	2474.396158	15455	95.51882516
60	2260.688848	16397	611.9925185
61	803.4779091	15933	922.3098057
62	16.51822426	14852	857.6546383
63	-312.5052364	14510	1073.669671
64	-450.9393082	14799	1355.558921
65	-409.140898	14789	904.9094164
66	-256.538178	15043	849.8882977
67	-402.9931163	15110	848.8031968
68	-801.0636074	15154	704.772266
69	-912.5421645	15181	744.9328639
70	-827.3143694	15167	448.5934217
71	-715.319251	15045	295.4641782
72	-821.9161916	14939	-139.9638162
73	-393.6284638	14955	-174.5995321
74	-166.7930261	14966	-267.5504983
75	224.6054412	15110	-506.5977366
76	462.8314008	15096	-718.7773897
77	520.3812741	15165	-635.8506562
78	615.8529074	15311	-522.1685503
79	629.2393453	15343	-530.3058831
80	786.7763621	15403	-518.0594372
81	848.5470124	15391	-328.0081184
82	623.9086667	15435	-215.3408256
83	508.0113162	15474	-54.4310876
84	306.1178394	15637	112.0305382
85	144.1113153	15714	194.9782907
86	-143.878524	15691	257.4736912
87	-296.9309051	15673	229.8960425
88	-499.2578868	15692	301.6697108
89	-458.6586265	15541	191.3795555
90	-379.5317176	15680	125.8885827
91	-368.2082593	15573	-273.8634871
92	-511.2587833	15614	-397.3138338
93	-437.0151104	15652	-416.3231225
94	-449.0494312	15646	-522.8523708
95	-243.1420737	15643	-579.2790049
96	-145.2151289	15714	-640.8549984
97	-149.1437919	15798	-431.6561577
98	-101.4101313	15785	-375.533532
99	102.4886917	15679	-255.5004912
100	26.59054931	15719	177.3297419
101	125.6087367	15742	229.0366308
102	134.8900082	15849	376.6005307
103	294.1574146	15833	477.3214947
104	180.1855386	15955	605.5654346
105	31.19293075	15989	536.9713781
106	-211.1571878	16019	521.7964381
107	-423.1282981	15955	516.1187196
108	-525.0176541	15893	575.9012121
109	-508.6364202	15824	503.5661685
110	-431.4658134	15791	692.4160917
111	-252.7980498	15819	556.4040275
112	-166.555814	15972	507.6573969
113	-79.76589344	16244	453.3664566
114	68.61927244	16626	275.1652237
115	266.9363288	17600	137.5080278
116	452.2617003	18612	48.8235127
117	684.5814197	18862	205.3492878
118	561.0990793	19176	199.8288805
119	373.4976591	20355	-237.1829078
120	195.7666829	20850	-710.840775
121	128.8163902	20172	-829.4178788
122	-167.0721181	19629	-1093.813784
123	-361.4422605	19520	-1313.957119
124	-583.8264422	19721	-1650.010596
125	-612.0826228	20647	-1769.297033
126	-686.947779	20964	-1520.314947
127	-471.4404903	21022	-1233.995488
128	-288.0655399	20878	-866.7411446
129	-151.8324399	20446	-415.1122207
130	-5.767497643	20111	-198.7773405
131	7.91642191	19469	53.86127852
132	2.45199578	19348	270.2685228
133	-416.1927116	19642	538.8399773
134	-403.1022035	19592	584.9307527
135	-206.524925	19000	595.9514779
136	-236.0134416	18346	749.8320019
137	-81.52891591	17903	723.0464854
138	278.7085933	17775	504.5357056
139	487.1110834	17212	486.459881
140	688.6743207	16959	434.6385221
141	779.0295746	16804	306.1394002
142	681.5150167	16537	274.6081113
143	531.6190425	16245	130.6563492
144	564.7564315	15741	-82.22302506
145	565.2671274	15745	-123.5191199
146	415.0540397	15509	30.12434705
147	323.7271461	15233	68.25706913
148	297.230169	14886	100.9446228
149	334.6646188	14735	207.5857069
150	216.4693877	14514	179.7423831
151	84.08787184	14172	228.1557469
152	-141.4766721	13676	315.3852011
153	-82.07166468	13555	227.2248735
154	-146.7039001	13332	346.1770973
155	-110.5420831	13127	365.0363003
156	-194.6372269	12635	408.5237086
157	-48.84500448	12498	347.2169522
158	-5.498580275	12283	252.3399386
159	20.01282928	12045	267.3303613
160	-60.55141636	11803	217.0555147
161	-181.6514124	11859	266.7204363
162	-239.425583	11987	327.6772286
163	-348.113359	12132	584.7754271
164	-450.8868684	12196	728.3406167
165	-469.3132562	12333	791.2429237
166	-448.0726326	12484	1089.24485
167	-499.6455014	12764	1357.559786
168	-519.2514547	12829	1401.648513
169	-456.9381163	12476	1285.813006
170	-326.0089704	12165	1150.34131
171	-129.7184906	12011	1018.04879
172	118.492148	11960	727.0323395
173	258.6674205	12078	288.6632396
174	409.922159	12029	-215.4178996
175	540.2353712	11863	-854.1312646
176	596.5861891	11622	-1365.509776
177	-71.79491783	12077	-429.2683827
178	-392.4306666	12176	-1228.190783
179	-446.9202272	12289	-1817.24927
180	-1704.962162	14860	-850.9644739
181	-1756.616439	16700	241.8339883
182	-413.3228747	16269	1515.391154
183	496.6172271	15408	112.2584492
184	661.6187478	14883	-1632.790325
185	-42.70475849	15352	-2338.720064
186	-319.1849082	14855	-3594.833846
187	429.6811184	13730	-3958.21393
188	1562.08782	13200	-3060.211057
189	2086.215328	13330	-1482.728386
190	2791.7563	14445	-308.0858351
191	2770.758809	16076	195.5528085
192	2015.189457	17128	886.0971481
193	640.0604695	16535	1234.724813
194	-447.9029572	15651	1371.589554
195	-1062.021291	15399	1648.042513
196	-1345.634491	15641	1893.194582
197	-846.6857046	15519	1416.819997
198	-641.3138033	15842	1179.092868
199	-751.9909263	15703	1027.813183
200	-1382.261602	15269	526.8451123
201	-1316.09259	15292	525.6411985
202	-1331.718678	15193	432.4406917
203	-1240.900218	14994	102.0518645
204	-914.5226908	14820	-170.3813432
205	-546.2777483	14885	-297.0143878
206	-132.7916499	14914	-403.6043229
207	394.1348305	15002	-428.0427418
208	857.4512937	15224	-529.1362501
209	1018.011669	15348	-470.2039614
210	1079.817866	15452	-389.3791113
211	1287.229591	15556	-360.2016448
212	1403.184038	15647	-420.2925641
213	1148.139942	15571	-380.4085983
214	998.5634858	15605	-498.0915966
215	746.4590793	15815	-358.7752989
216	361.8085092	15906	-317.362487
217	14.7827161	15833	-289.5039396
218	-205.7387503	15916	-244.3091266
219	-538.651591	15734	-199.2713858
220	-835.6949735	15796	-194.4537201
221	-773.68292	15735	-140.7121496
222	-754.6174031	15758	-114.5542033
223	-672.3979416	15601	-39.97140487
224	-744.3513854	15560	-4.234550764
225	-496.9136593	15623	-14.94974395
226	-319.1783284	15623	19.97691834
227	-32.86192811	15642	-0.548214459
228	14.48374477	15693	41.46630934
229	124.7623035	15700	110.2953713
230	-42.27965611	15747	171.8072495
231	201.4777156	15643	150.0469185
232	363.7148287	15648	170.3225699
233	331.649801	15694	195.1821602
234	288.668554	15739	165.0057138
235	198.2798432	15686	140.7582259
236	31.23125034	15795	83.05328735
237	24.49722541	15766	115.4498397
238	-130.1896322	15656	44.11093191
239	-201.0860151	15733	138.477349
240	-253.7969471	15729	220.8866439
241	-195.4713068	15776	369.0948023
242	-129.0621134	15912	573.8332611
243	-111.1791849	16080	677.6879563
244	-119.4090176	16301	796.651912
245	-23.24398727	16596	825.9557626
246	220.4157104	16930	309.4242103
247	418.234491	17640	-18.64792649
248	367.8726229	18061	-27.00387245
249	53.92019944	17904	289.3799507
250	-318.2231222	18094	578.376879
251	-678.7351593	19119	528.0488818
252	-707.3603102	19734	157.3826206
253	-797.6682723	18877	-427.4805053
254	-801.2458418	18655	-897.1615857
255	-858.4632401	18581	-1187.255914
256	-733.8643301	18585	-1539.285058
257	-419.3156385	18799	-1521.99271
258	-11.94367828	19309	-1636.287147
259	381.7609924	19828	-1680.358781
260	677.4282023	19969	-1648.565649
261	548.2893155	19662	-1124.325618
262	831.6287314	19459	-494.3466496
263	876.9740843	19252	-215.0539501
264	785.2334137	19126	267.0338172
265	255.7482237	18831	492.3610965
266	91.97769772	18459	540.8821166
267	-160.0677007	18729	553.2189308
268	-551.973505	18463	865.2606774
269	-144.6037327	18409	759.4152214
270	45.50398497	18117	657.8574739
271	13.64410978	17697	662.8453995
272	46.82099919	17326	685.7661727
273	230.2851017	17138	604.1202619
274	176.03306	16885	523.3382556
275	61.56833483	16577	445.53829
276	27.10136224	16290	263.67505
277	-135.5136258	16180	204.8819216
278	-119.2183704	16103	105.9125238
279	-204.4152518	15779	131.736781
280	-185.1700016	15275	55.7847221
281	7.903238722	15223	61.27544826
282	129.7020484	14969	121.8784265
283	203.1561466	14792	107.902182
284	265.5736828	14412	154.8380867
285	164.845752	14110	132.6602141
286	65.1795942	13900	233.2932573
287	380.6678922	14031	97.67745531
288	304.8283768	13736	171.2448016
289	236.208379	13490	218.5266167
290	305.9313087	13289	303.0186308
291	243.6387361	12959	234.4722513
292	237.4813974	12624	179.8392674
293	178.7599437	12570	165.2101365
294	57.38053657	12484	124.1987501
295	-115.1880255	12365	72.74654143
296	-167.6730448	12079	105.1575115
297	-163.6560389	12120	254.4317644
298	-326.9306832	12197	387.5826938
299	-468.5350469	12309	505.6457642
300	-539.6306686	12392	788.1656509
301	-582.5998343	12580	1006.615703
302	-740.5869317	12667	1136.657843
303	-828.1384882	12577	1260.402447
304	-749.6252615	12480	1316.041148
305	-536.5780929	12267	1187.17511
306	-264.7810601	12095	886.1428508
307	-50.25384422	11846	515.5586244
308	424.6572165	11774	196.0297753
309	518.1115429	11850	-95.26079565
310	711.2720508	11973	-331.79322
311	761.6336637	12017	-672.3095088
312	855.588359	12033	-976.3037121
313	641.2634384	12022	-1284.082042
314	350.7693727	11879	-1609.711845
315	37.52075096	12128	-1532.641644
316	-790.9652337	13458	-629.7407425
317	-1836.049945	15935	1005.15155
318	-1271.531046	17243	1458.019384
319	-392.0719547	14806	570.271735
320	-575.3632139	14236	889.9094595
321	-816.0171726	13855	-899.6503965
322	-531.9315183	13854	-2136.307482
323	-692.4062664	14103	-3264.479431
324	67.92442162	13676	-3882.421735
325	1358.712447	13137	-3080.008156
326	2458.272992	12367	-1375.318633
327	2934.02482	12332	-240.0418243
328	3418.161942	14115	-443.2256648
329	2108.631493	17031	-143.8899464
330	902.0025543	17543	380.1566328
331	-63.15153943	16347	1163.031673
332	-503.4933853	15896	1707.617883
333	-791.3294036	15425	1391.7881
334	-845.1166361	14630	1168.411515
335	-867.7330095	14814	1137.017446
336	-1287.7696	14669	781.6528543
337	-950.2215343	15010	859.0239488
338	-848.6740112	15120	688.9171485
339	-791.7943461	15216	558.3543665
340	-895.8836307	15219	285.8413305
341	-789.04119	14902	46.19097868
342	-503.2917007	14822	-234.8434042
343	-212.0845871	14786	-443.5334999
344	215.5619323	14929	-616.7766166
345	460.392989	15038	-559.5401919
346	694.6639415	15146	-583.4236396
347	848.8039743	15272	-539.3172506
348	855.1531962	15348	-516.1191734
349	599.3784325	15285	-383.5836464
350	244.0970645	15172	-216.0125182
351	249.6303037	15224	-78.80558679
352	88.67518239	15314	113.2708953
353	-118.6526735	15527	80.38895341
354	127.3579031	15495	65.65539819
355	71.1630378	15453	68.08256569
356	-129.3079951	15528	33.37833081
357	-181.6017614	15513	28.82998707
358	-377.1149554	15450	-87.78807613
359	-442.8859294	15387	-138.0987856
360	-356.7985214	15546	-116.7781775
361	-252.4648319	15473	-296.7312447
362	-82.82784572	15477	-405.2159027
363	44.26154992	15498	-400.6600645
364	109.2603671	15514	-387.4141949
365	236.0481045	15530	-320.6120167
366	120.8186356	15639	-63.75299165
367	112.8602633	15763	117.4741272
368	144.9536162	15830	199.9396705
369	103.1778294	15737	305.6262233
370	69.47973453	15942	456.561653
371	-93.30715157	16108	680.9571096
372	-263.8565242	16269	943.5450964
373	-437.413119	16332	942.770155
374	-642.2333518	16389	848.0094843
375	-770.0124704	16400	753.6689092
376	-759.8445502	16420	652.4918056
377	-591.5287729	16426	588.3651079
378	-344.7902857	16597	550.1089861
379	-132.3725752	16944	575.0214018
380	48.25937165	17495	536.0933303
381	256.3086088	18215	502.0061728
382	264.7427102	18704	770.2284881
383	355.1976054	18859	873.7609314
384	446.5648293	19253	152.6518052
385	133.7906192	20147	-718.376016
386	136.6401608	20679	-1379.277533
387	175.285177	20601	-1895.30742
388	486.9522704	20706	-2186.230056
389	406.1485513	20328	-2132.171666
390	229.1601835	20523	-2249.880394
391	233.1472771	21453	-2264.465016
392	23.09101334	21594	-2150.950704
393	-404.8961915	21169	-1431.878274
394	-378.6459732	20807	-931.4222795
395	-313.9239025	20558	-278.4579217
396	-429.8393097	20252	467.1172041
397	-355.3779129	20357	696.5057834
398	-484.7394407	20346	903.4331168
399	-62.64647239	19971	1013.836316
400	-55.51517563	19245	1099.834976
401	-198.791133	18984	812.9877664
402	-259.8411772	18393	658.958957
403	-117.067064	18121	555.7196734
404	-17.37009193	17435	554.1121338
405	179.975442	17339	453.2725007
406	227.1510127	17091	467.9481676
407	321.5515534	16854	136.1121982
408	-19.0680806	15863	96.77411415
409	-128.6336059	15554	103.7651979
410	293.9275763	15795	-91.09711686
411	426.1744025	15415	-56.2968323
412	445.8266411	14918	-58.22290041
413	325.2456711	14537	137.4335088
414	534.647432	14297	145.2317071
415	503.1229117	13803	229.7000072
416	449.5688881	13318	253.0281486
417	206.4464667	13058	277.8350215
418	26.88501893	12791	317.0845475
419	-59.5096892	12369	351.5318042
420	-74.70156421	11860	447.2661961
421	14.60804863	11741	456.3304596
422	98.04212366	11638	482.0637136
423	70.04900403	11412	474.0075616
424	18.35602177	11326	525.2827554
425	-106.2260597	11530	683.7902353
426	-146.4637571	11658	783.4684317
427	-327.9024946	11978	912.0768209
428	-492.9141446	12128	1108.031157
429	-342.0131797	12442	1137.937619
430	-187.1384513	12466	1239.705165
431	-242.6567437	12307	1370.630521
432	-405.4874374	12300	1450.000059
433	-500.202861	12140	1297.499174
434	-539.8525943	11982	977.4863802
435	-426.4163818	11899	641.7569059
436	-185.8534634	11837	203.2816446
437	-11.63270376	11973	-30.41072612
438	198.0890195	12127	-543.9921179
439	300.2779165	11943	-1456.232301
440	364.6647898	11448	-2269.343018
441	1.87373156	11269	-2097.89213
442	-884.2954608	12329	-1429.017705
443	-1123.54241	13845	-780.1112811
444	-1405.984159	15857	-428.151893
445	550.9819927	14955	-772.6080123
446	1190.749987	14245	1159.259141
447	629.5401902	15019	740.7115162
448	445.5322162	15057	-1411.582062
449	-593.3355029	15290	-2265.312622
450	-328.7620806	14539	-3509.621579
451	871.1112838	13543	-3814.579434
452	2282.984298	13241	-2912.531954
453	2849.087121	13914	-1216.097966
454	2935.565569	15131	-79.194595
455	2382.516626	16677	422.1032083
456	1014.010807	17426	966.4322098
457	-399.1122858	16291	1153.358408
458	-1325.798285	15381	1447.575207
459	-1732.460293	15171	1449.847873
460	-1719.319369	15499	1620.419071
461	-1056.552947	15879	1237.866648
462	-649.8431039	15857	1025.859949
463	-599.671414	16104	1021.088206
464	-1324.166287	15604	649.6155243
465	-1282.132209	15455	583.7767904
466	-1273.432024	15284	434.0481268
467	-915.2062713	15062	122.627538
468	-430.0669214	15040	-203.6246149
469	-18.75124113	15131	-286.7800364
470	588.3079323	15157	-396.5965352
471	959.9967685	15240	-582.2969602
472	1129.623504	15432	-504.2235657
473	936.5990805	15447	-385.1271095
474	817.8058481	15494	-295.3865794
475	910.3338127	15638	-289.5263104
476	1050.891168	15798	-236.4053197
477	780.0021109	15830	-190.8648972
478	579.5530908	15824	-170.5284486
479	325.2351143	15731	-266.5669731
480	48.28594913	15741	-301.9485237
481	-152.8831071	15697	-272.819867
482	-332.9362774	15639	-319.1025206
483	-568.579164	15631	-305.8800362
484	-736.3785843	15602	-298.6999836
485	-564.7507747	15418	-168.6911785
486	-464.5709393	15523	-148.0071281
487	-342.1668046	15519	-106.7556642
488	-361.1658843	15550	-16.41367384
489	-66.05256016	15562	35.88377939
490	-192.5991075	15577	43.4095687
491	-59.97501922	15585	-6.216225493
492	126.164555	15506	72.54442091
493	200.4739759	15635	143.5972401
494	197.0308741	15824	176.9878196
495	131.2380487	15945	245.4469021
496	174.8150683	16318	307.3752138
497	3.464377733	16405	413.8887009
498	-226.5991372	16395	467.5751018
499	-463.3710079	16355	527.6565393
500	-589.1824964	16573	585.8231703
501	-619.4758353	16691	558.6051972
502	-466.2809399	16787	502.4089731
503	-307.3840027	17032	514.010422
504	-207.8590535	17540	429.5499709
505	3.876749035	18125	406.2863046
506	330.4866295	18729	455.5694167
507	312.7032979	19079	767.8098085
508	104.5443654	19115	1173.925709
509	-72.54993686	19099	1508.439111
510	-269.0858001	19939	1364.97044
511	-501.5026479	20254	912.5658137
512	-409.1450935	20159	73.89518581
513	-203.098866	19659	-606.2711518
514	17.03881661	19457	-1544.735576
515	211.6452538	19994	-2452.616411
516	313.1723452	20753	-2982.019868
517	156.7022108	21188	-2721.840447
518	268.0279117	22117	-2446.449137
519	480.5226138	22197	-1933.507788
520	561.3249242	22109	-1663.830706
521	591.268309	21666	-1445.996232
522	302.0131108	21564	-762.4845203
523	-74.33976736	21179	208.4693321
524	54.5262481	21451	552.4537377
525	-182.8004391	21275	439.400495
526	-281.4105192	21075	489.4219985
527	-481.2370279	20541	735.1245156
528	-708.5995346	20170	895.7724479
529	-704.3776288	19883	744.2416275
530	-650.3768406	19103	762.2444426
531	-412.0736967	18577	628.8105857
532	-225.1149485	17750	503.7455643
533	772.0614409	17167	431.626048
534	826.6792777	16676	360.8818952
535	833.9925272	15872	284.327959
536	894.8087517	14846	174.431249
537	516.2975973	14616	136.6815256
538	229.6170089	14026	191.2331613
539	86.02249804	13416	287.9636672
540	88.51998988	12612	384.6458302
541	53.9355906	12593	705.2658103
542	377.2794455	12571	737.3378721
543	309.6606522	12363	845.3353131
544	225.7848258	12103	941.6929007
545	289.4477284	12481	1082.371535
546	-220.254892	12746	1501.582614
547	-733.3543908	12999	1586.596779
548	-800.7434136	13309	1754.069575
549	-499.0569745	13208	1584.931308
550	-619.2139128	13013	1669.760837
551	-921.0769928	12652	1799.710958
552	-1040.679485	12452	1676.251656
553	-916.319987	12498	1295.007836
554	-785.0729615	12559	535.7257888
555	-428.0609271	12428	-358.812252
556	-174.0195438	12013	-1140.310894
557	211.8309863	11298	-1670.248498
558	55.68942064	11586	-1116.994684
559	-129.5269583	10482	-3323.036151
560	50.4828377	9655	-4361.99497
561	-1157.052162	12386	-2098.069387
562	-2278.720383	15623	675.9325383
563	555.4954742	16488	266.5349964
564	1385.438782	15098	1295.28334
565	273.4619551	13482	117.9464066
566	38.31873824	12378	-1788.200656
567	120.1543347	12965	-2321.141528
568	968.7109073	13286	-2689.416671
569	2292.497777	13443	-2746.13736
570	3708.266868	13201	-1997.539761
571	4229.782281	12996	-820.9895955
572	3761.480784	13974	-178.755346
573	2367.856388	16186	-9.526796872
574	652.6194336	17215	489.6606367
575	-962.0449882	16859	1500.176189
576	-1803.676934	16240	2032.395809
577	-1899.522658	15337	1682.271786
578	-1920.280861	14793	1332.475213
579	-1774.326649	14508	936.3804919
580	-2131.750509	14893	1231.526128
581	-1603.228224	15156	761.7242037
582	-1078.254158	15462	677.4192015
583	-1019.200366	15328	443.2389477
584	-789.6840419	15158	157.9260604
585	-682.7046217	15056	74.29078633
586	-527.6757716	14963	-95.94791737
587	-219.3322248	14861	-226.1458733
588	366.6811455	14878	-490.3042188
589	576.5470557	14900	-369.2287103
590	942.5532969	15083	-344.8678951
591	936.6439045	15170	-358.3197051
592	1133.047595	15233	-441.5750866
593	1013.382667	15350	-441.4609303
594	893.7188323	15314	-295.6636298
595	787.4825501	15440	-332.280491
596	672.9942648	15595	-339.7405964
597	483.5972862	15536	-312.666094
598	78.6983816	15462	-281.0132694
599	-142.9107803	15522	-190.8189898
600	-555.9219643	15599	-227.0942164
601	-465.3793609	15431	-241.8794093
602	-391.5159275	15458	-319.0821099
603	-434.6708562	15557	-326.6922504
604	-476.9631043	15516	-312.386065
605	-366.5772432	15525	-323.1398623
606	-243.191605	15511	-232.9211303
607	-283.1632431	15520	-85.06357955
608	-225.7691991	15428	-1.165961751
609	-334.6323122	15508	237.1308494
610	-284.2563629	15545	335.3129963
611	-23.51374951	15609	481.7628544
612	195.8208972	15916	525.2741107
613	115.5902612	16069	585.9010895
614	217.8876688	16068	539.5349665
615	130.233332	16397	446.732632
616	-94.21292941	16596	546.1698806
617	-380.7217454	16290	428.5258642
618	-500.1949026	16077	350.659235
619	-563.9615482	16070	226.8886913
620	-510.0144299	16157	176.6492859
621	-311.7000049	16289	190.8811239
622	-208.9608203	16455	294.8204013
623	121.4330917	16713	281.663447
624	295.4898368	17062	481.2497282
625	440.2409486	17555	371.4935876
626	550.1450419	18038	394.5825799
627	511.451241	18474	545.3782969
628	306.3555002	18875	954.1792792
629	-228.6909184	18721	1274.191581
630	-280.6864884	18483	782.4907046
631	-167.7375806	19161	18.47210237
632	-196.1464513	19664	-635.2667382
633	-298.4225803	19779	-1252.171605
634	2.26416103	19635	-1967.923254
635	-83.47585847	19337	-2613.396976
636	-233.4737042	19851	-3141.529782
637	-211.4186186	20987	-2595.165074
638	59.07586034	21323	-2224.490751
639	203.6604388	20950	-1307.963664
640	148.1774534	20654	-983.7624394
641	313.8246851	20696	-572.5777556
642	495.33956	20160	96.8038748
643	443.4329566	19983	776.3181317
644	208.331431	20186	1296.550172
645	170.6489007	20120	863.8372636
646	43.60861508	19788	539.8751531
647	-224.0276791	19173	642.5325879
648	-360.3749645	18519	834.3932747
649	-335.0755373	18238	815.9723296
650	-243.5298942	17851	782.0734119
651	-104.9325225	17324	696.4165133
652	-273.5882506	16864	500.1518253
653	-93.53551697	16661	396.8791102
654	-196.7493132	16387	247.5521998
655	-261.3472547	16107	137.1745391
656	-72.27337022	15633	29.5446336
657	-129.3268747	15292	156.174922
658	-266.1139096	14538	270.3195731
659	265.7363295	14617	24.48613259
660	568.3209965	14162	-2.117604762
661	405.7903439	13795	78.52931821
662	466.0569557	13706	35.33701378
663	322.8269774	13380	31.33554571
664	167.2376375	12946	111.1149825
665	-3.744184371	12396	409.4966959
666	142.6364701	12214	407.9429059
667	367.6845563	12027	516.0204987
668	437.4058146	11783	683.8784955
669	427.000053	12011	705.1600759
670	481.1782157	12212	776.8028079
671	288.4501565	12444	988.6912243
672	65.19412828	12458	1038.245178
673	-39.2456619	12658	1008.124775
674	-153.7043499	12943	1016.311335
675	-301.6361844	13083	1088.113269
676	-606.5956674	13075	1201.408179
677	-852.7900512	12633	1267.893729
678	-873.4457531	12258	1181.288166
679	-955.1086171	12160	908.0966756
680	-951.0153329	12119	610.2935801
681	-707.0373409	12081	253.0663688
682	-483.3245268	12241	-150.2223926
683	-156.0251375	12276	-497.4764935
684	136.7111748	12190	-1051.242742
685	329.6467498	12083	-1383.996794
686	485.9528041	11888	-1853.721339
687	542.5206665	11831	-2010.143105
688	282.5822931	12076	-1566.584353
689	-477.2843053	12867	-1029.338082
690	-652.4253817	13697	-384.3691448
691	-931.8718464	15002	219.165108
692	-191.9907605	15381	990.4373424
693	60.78836532	15037	1597.353431
694	548.6648918	13958	-319.2816426
695	421.323785	13662	-1260.536284
696	-319.7823333	14410	-1872.101336
697	-99.84284559	13987	-2700.811477
698	707.8844855	13723	-2945.533955
699	1816.722968	13460	-2445.849146
700	2369.972571	13010	-1618.165155
701	2698.097993	14230	-468.3426854
702	2607.472556	16375	355.7564549
703	1574.508509	17711	902.296033
704	451.0133416	17338	1538.860405
705	-483.2685534	15774	1422.538624
706	-1110.25342	14744	1317.676046
707	-1586.498962	14581	1232.383834
708	-1623.194615	14982	1191.114905
709	-1037.546996	15199	938.6088958
710	-744.8045694	15685	576.9563725
711	-566.6494181	15901	471.5519378
712	-1061.585576	15619	328.0721954
713	-1160.778246	15436	303.5009976
714	-1078.378385	15106	31.36793806
715	-791.7957303	14953	-193.0242028
716	-422.3327627	14971	-413.6416195
717	28.44786468	15113	-507.6520823
718	507.0504917	15316	-496.2048691
719	920.8129914	15398	-645.236834
720	1179.914164	15424	-644.3989119
721	1142.827519	15540	-375.225062
722	733.7463393	15450	-271.8632804
723	683.8448274	15495	-118.324416
724	711.2642763	15626	-57.00878027
725	549.0785329	15712	-7.636522492
726	383.4759773	15914	-16.31293672
727	343.3645352	15829	117.3355907
728	-255.3163124	15815	103.7459929
729	-480.5219856	15697	18.10245871
730	-724.2572625	15533	-17.13156976
731	-626.9795373	15511	-98.42446337
732	-650.42264	15547	-174.32608
733	-500.4090084	15643	-232.2451227
734	-293.4714861	15741	-281.0142666
735	-190.769109	15705	-405.7900893
736	-30.92773461	15716	-442.6378446
737	136.5124322	15667	-345.9259165
738	-69.67262731	15711	-88.72659722
739	-174.3402809	15859	28.78168629
740	-16.57904723	15902	166.2425916
741	184.1385596	15903	266.3478182
742	342.1606376	16007	386.370161
743	503.7522229	16355	402.5835012
744	270.3105715	16378	488.6622163
745	-25.90220698	16507	471.9023674
746	-430.9718207	16533	537.767047
747	-605.7551174	16571	621.4807142
748	-700.4722652	16669	684.582671
749	-578.0925558	16707	724.1624499
750	-538.4933622	16889	863.8732244
751	-613.9292746	16842	587.4139166
752	-499.5017951	16740	266.8514053
753	-431.8530393	16723	243.4711224
754	-290.0199798	16792	225.4325617
755	-170.5643717	17135	492.2292672
756	63.5337656	17790	743.8068692
757	138.8427144	18144	888.7379116
758	321.7722026	18191	707.0391853
759	630.1578008	18693	-212.6777617
760	675.271776	19738	-803.0268761
761	366.3156568	20365	-1013.357359
762	845.4594781	21533	-1635.709334
763	799.6662647	20558	-2549.599027
764	490.6342116	20396	-3036.384165
765	120.9822408	21176	-2590.832954
766	170.9494347	21647	-2208.206142
767	-302.8190478	21525	-1541.100719
768	-650.9097701	21724	-1190.97239
769	-366.5023316	21271	-583.7973796
770	-103.9941479	20423	9.827498393
771	-427.0315405	20060	701.7276711
772	-268.2917527	20119	1364.280031
773	-411.3150362	20093	1071.352402
774	-247.023371	19775	821.4859062
775	-177.8620631	19125	756.5940507
776	-128.6820174	18354	939.9258711
777	-133.4768066	18215	874.7137882
778	-73.25399498	17917	781.2474916
779	156.7665706	17575	545.3012076
780	277.9025882	17081	335.9243544
781	15.78383339	17189	157.159187
782	174.7131193	16710	69.39322089
783	64.28088354	16413	-157.8167141
784	-205.061229	15621	-95.17218487
785	150.6162788	15857	-84.67462322
786	240.7975285	15515	-59.75055364
787	204.9602141	15128	86.45399858
788	378.2173914	14467	-35.39205807
789	307.2550615	14286	69.31098448
790	191.7972545	13791	113.8586337
791	61.46675967	13264	207.3322281
792	31.01788593	12740	275.7064885
793	-40.21751106	12591	424.1450725
794	10.70362867	12342	532.9618882
795	63.51467369	11970	643.2736551
796	167.4993041	11437	705.7654382
797	219.1169842	11552	746.1310359
798	207.3597242	11431	755.1718923
799	315.580137	11518	774.221805
800	93.83406978	11767	1142.659895
801	-128.0921149	12041	1114.51801
802	-239.3459862	12319	994.5497869
803	-99.71086423	12527	1136.18683
804	-137.8823183	12508	1228.056886
805	-379.4532873	12302	1316.504718
806	-555.739798	11962	1313.996564
807	-578.2954677	11740	1122.793819
808	-586.8171002	11743	864.9764835
809	-457.3771413	11817	479.210413
810	-256.723688	11991	227.4025463
811	-54.5422145	12202	-227.2143104
812	59.94064501	12119	-1036.05484
813	131.5497735	11639	-1792.178357
814	-74.55642733	11317	-1990.47563
815	-826.5538276	11975	-1390.410271
816	-1782.480939	13624	-627.7500971
817	-2279.733089	15373	252.78555
818	-419.1747366	14812	-671.4897712
819	1153.504289	13780	-722.6816433
820	720.8136143	14543	709.7543968
821	240.5403835	14759	-698.0467161
822	209.666726	14963	-2263.166484
823	292.1173511	14832	-3266.525513
824	1649.149607	14215	-3349.024477
825	2653.244847	13751	-2287.939416
826	3318.048377	13647	-1251.915202
827	3436.75998	14390	-564.7111189
828	3121.879403	15628	-283.2033776
829	1625.36263	16739	-91.28146347
830	171.8603844	16913	492.8362273
831	-936.6532065	16840	1216.793085
832	-1819.691015	16188	1720.605278
833	-1869.038862	15727	1455.174173
834	-1652.174969	15294	1121.63341
835	-1718.785991	14872	937.7731074
836	-2055.455256	14523	1014.694724
837	-1585.591287	15146	691.5832374
838	-1264.21964	15435	647.0185624
839	-650.2846369	15525	687.1899522
840	-696.002689	15256	156.5655097
841	-504.5970395	15296	146.592497
842	-220.0580155	15049	88.4058271
843	79.55891106	14964	-103.863724
844	322.6893955	14896	-399.6603308
845	448.7323939	14974	-361.2957217
846	545.3523806	15051	-352.0288252
847	642.6738117	14989	-441.4024717
848	922.2472895	15048	-517.9168544
849	996.289588	14992	-400.9757847
850	990.7816236	15074	-358.0521413
851	913.2731756	15281	-364.0027402
852	850.0719453	15342	-238.1369777
853	640.5053594	15294	-98.05106012
854	501.1600853	15380	-3.560675101
855	365.8673478	15624	-65.98212254
856	208.1530875	15782	-9.276140941
857	119.5281884	15858	-55.9479557
858	-163.1985528	15882	2.539670547
859	-419.7914682	15787	-30.51374666
860	-762.3713207	15653	-2.071280366
861	-737.669833	15581	-56.62622969
862	-787.6512712	15457	-134.7675278
863	-761.1897305	15454	-212.5851538
864	-806.9266353	15354	-276.8375651
865	-531.259213	15342	-213.1904379
866	-311.0246411	15339	-287.4200159
867	136.8835178	15345	-133.7430185
868	7.627588437	15489	5.058107087
869	-6.898877955	15596	-120.3053342
870	156.4210197	15617	-33.66591832
871	233.245653	15670	104.8311885
872	387.5840886	15879	76.45195134
873	379.5614205	16078	94.38088313
874	331.6716005	16227	177.9121947
875	141.588557	16322	231.6445604
876	-58.57539943	16431	354.6894809
877	-292.0065526	16293	393.038772
878	-362.8337466	16349	481.9712699
879	-399.450224	16493	537.1914778
880	-430.7656692	16579	541.8715065
881	-293.9430066	16523	450.2460098
882	-168.4518869	16656	512.5607662
883	61.64723701	16966	623.732132
884	73.03341144	17548	867.7925298
885	193.3685171	18195	753.7636875
886	230.5060783	18727	851.5234174
887	245.9167162	19064	1025.743119
888	212.2025546	19254	1113.053953
889	-171.6322222	19385	618.3328961
890	-34.60790579	19920	-276.0841665
891	-221.6025523	19848	-1007.72299
892	-218.663796	19746	-1417.300875
893	-86.78083582	19298	-1848.973162
894	-184.0123375	19368	-2233.240769
895	-167.7506884	19776	-2548.764401
896	-192.4330696	20577	-2794.502458
897	-279.4956367	20919	-2242.280055
898	-144.7938372	20528	-1401.67033
899	109.76285	20773	-885.2878109
900	126.2785434	20277	-344.7081585
901	410.2253456	20206	71.20621759
902	235.2233458	20134	352.7852217
903	68.9337138	19966	845.9186216
904	66.88565638	19562	1159.36227
905	131.2608359	19282	864.3607997
906	-6.345332837	18819	701.0207323
907	111.3124252	18353	646.8669082
908	-132.2246388	17913	788.1455372
909	95.25435876	17939	648.0010104
910	192.9394377	17720	609.1176528
911	228.8601264	17382	416.3752188
912	169.3240163	16778	217.4222468
913	20.33343545	16608	194.5853219
914	-206.550212	16227	128.3830846
915	-182.1689009	15974	116.2075996
916	-109.5662027	15471	111.5360096
917	-279.5565304	14924	299.6813533
918	-365.2462353	14510	345.8728056
919	216.9902645	14773	136.4242419
920	150.4988113	14336	155.6997127
921	26.5604165	13907	201.2438455
922	50.65739749	13658	205.6944428
923	-1.359853546	13281	228.2376486
924	7.905133024	12897	157.7423811
925	3.32650427	12393	505.9546621
926	190.9282605	12370	443.2053647
927	618.7214634	12430	372.7981349
928	550.0527951	12130	471.8542554
929	378.4952491	12214	469.4923836
930	437.7669175	12314	436.1198299
931	401.1640001	12432	494.5222908
932	211.6926188	12486	670.3026182
933	122.3986741	12595	757.6469469
934	-26.77997971	12737	875.1618963
935	-235.3880204	12885	1048.556639
936	-388.8609468	12872	1209.517693
937	-480.2844256	12540	1189.207923
938	-621.9082519	12004	1094.413702
939	-679.9757096	11746	882.0536427
940	-623.9275003	11600	587.8430781
941	-440.8942867	11737	244.0007722
942	-220.073195	11875	-11.9054511
943	-64.02475905	12161	-220.9025007
944	192.7539828	12301	-777.4292315
945	244.5677849	12230	-1253.707662
946	243.7567847	11920	-1794.294483
947	-71.77040079	11866	-1712.922828
948	-683.9511847	13030	-802.780807
949	-1704.309873	15221	334.7580777
950	-1830.018564	16910	641.7348719
951	-620.2686669	15594	160.018703
952	-927.7385574	15386	1408.246632
953	-667.2260284	14623	-1222.166226
954	-382.2940171	14632	-2478.517156
955	-551.2726767	14623	-3407.657763
956	1075.25042	13896	-3745.146523
957	2763.324031	13298	-2720.51542
958	3765.478113	12799	-1392.092058
959	4107.535153	13292	-486.7817797
960	4334.871916	15278	-238.2299696
961	2244.751415	17229	65.50431393
962	412.0048602	17621	734.8988707
963	-933.6471792	16768	1400.625383
964	-1504.181359	16163	2028.303811
965	-1478.310556	15711	1595.071598
966	-1411.498912	15136	1203.124914
967	-1254.679181	14990	1057.479228
968	-1715.031521	15294	1378.416854
969	-1269.041591	15671	768.1635031
970	-1434.040101	15678	583.9769767
971	-1101.108808	15647	487.806442
972	-1003.275439	15410	150.1655745
973	-591.1270117	15276	28.34992077
974	-265.715515	15184	-172.4603923
975	68.91976016	15175	-453.5881371
976	551.1280131	15242	-647.6713082
977	793.2557309	15232	-654.790354
978	1157.319984	15410	-548.525077
979	925.2875066	15442	-527.9200613
980	983.5200765	15434	-468.1097507
981	812.7732724	15380	-395.6381509
982	730.131144	15442	-212.0486125
983	567.6049813	15658	-86.00021141
984	458.0003	15856	-16.69279363
985	249.023491	15924	28.45495194
986	28.80156829	15937	36.28453187
987	-57.59421803	15827	-29.22474526
988	-256.1736615	15859	51.32180466
989	-197.6716402	15936	-77.89510828
990	-299.9730255	15878	-259.144829
991	-448.1378631	15816	-270.6118282
992	-652.6123965	15715	-248.7965081
993	-666.8058426	15568	-333.1467553
994	-455.1779248	15551	-319.9577124
995	-249.1833454	15582	-407.3361866
996	-68.30822571	15560	-378.1342279
997	-177.3865614	15672	-221.6750689
998	47.817369	15635	-293.4548322
999	173.7136091	15648	-234.813158
1000	247.5030481	15660	-30.09319041
1001	223.8887488	15695	43.88064249
1002	123.4424198	15757	102.5181899
1003	98.24657281	15989	216.4454734
1004	47.00602601	16054	327.1691309
1005	-30.11366668	16047	389.5310899
1006	-115.2199072	16256	358.8269359
1007	-230.9133107	16257	445.6129557
1008	-459.677266	16230	474.2033479
1009	-442.7440456	16143	463.9371411
1010	-416.1990986	16197	450.6873457
1011	-364.652948	16229	395.9348775
1012	-309.5877943	16279	350.7904215
1013	-183.1798108	16327	342.5292242
1014	-56.1407626	16498	388.5580799
1015	151.3439152	16722	504.2258141
1016	355.7985212	17072	537.4642459
1017	347.4315539	17605	444.2495458
1018	416.1168137	18194	430.8702712
1019	496.6209109	18718	529.0707845
1020	489.1701216	19115	724.4214857
1021	333.823971	19178	676.7133007
1022	55.49232192	19541	565.9855253
1023	-214.1564196	19854	109.386177
1024	-270.1979262	19938	-611.3835495
1025	-361.444982	19408	-1206.029996
1026	-604.8259542	18997	-1557.46648
1027	-791.4847514	18814	-2157.681949
1028	-922.5725808	19203	-2414.482109
1029	-580.4721173	19718	-2142.273713
1030	-377.28108	20005	-1846.428127
1031	-58.59863966	20288	-1580.886203
1032	315.9369741	19438	-972.4693868
1033	-11.1647225	18356	-610.8688188
1034	224.3668392	18736	-127.1655657
1035	539.9477044	18576	461.9648509
1036	660.2014092	18353	760.0433942
1037	537.8017201	18365	696.6872823
1038	231.430957	18194	748.0462816
1039	380.1200743	18441	756.9834413
1040	327.1653555	18013	841.3392055
1041	461.8995294	17979	477.2882867
1042	390.3945951	17772	375.6293502
1043	126.1705361	17488	398.894211
1044	-22.26851084	17224	257.4914995
1045	-22.36505617	17025	230.0887657
1046	-78.17358914	16870	251.6645191
1047	-337.1105703	16644	226.0318125
1048	-387.4926043	16273	279.4962671
1049	-341.7352089	16143	401.7513264
1050	-196.5180263	16055	431.1749503
1051	-146.6788963	15933	451.3537498
1052	-223.6487787	15600	478.5009598
1053	-143.2342041	15459	464.5843215
1054	-134.2219518	15236	476.8529566
1055	-311.6154403	14714	522.7786261
1056	561.567994	15301	231.8680783
1057	485.9237447	15289	243.908775
1058	440.6023072	15145	235.935951
1059	674.3756876	14903	156.6450215
1060	542.3844647	14409	37.33906705
1061	433.2689761	14312	79.90230093
1062	190.5618479	14094	75.43645674
1063	92.39157481	13811	-13.96640553
1064	-133.6349672	13617	-58.82664184
1065	-171.8722205	13594	-83.67895128
1066	-182.0472274	13438	-137.8416263
1067	-333.0483744	13168	-95.19232941
1068	-473.0679538	12957	-5.198886959
1069	-455.2574957	12939	156.1598412
1070	-475.7596395	13031	384.4481078
1071	-467.6296987	13013	571.8988157
1072	-541.462916	13003	783.0751257
1073	-559.5436475	13109	845.8483102
1074	-569.8403593	13087	959.7826806
1075	-572.1255456	13000	1037.845799
1076	-476.1096512	12915	1100.203789
1077	-185.6851778	12737	920.8603094
1078	116.4366868	12524	654.3006681
1079	328.0262029	12426	411.5129117
1080	530.8192213	12354	248.0003751
1081	473.10226	12348	137.6782943
1082	411.2282997	12408	-39.7169444
1083	481.4487962	12331	-227.0659161
1084	542.8483885	12242	-308.8958857
1085	465.8626456	12415	-163.5695037
1086	255.3516118	12423	-445.0720124
1087	289.7611858	12029	-784.017659
1088	161.2396629	11585	-1013.137013
1089	248.5882867	11457	-619.9687067
1090	192.6684973	11387	-326.1984365
1091	680.0237341	10891	-1037.699378
1092	756.6870426	10812	-1486.928062
1093	-364.7842366	13307	661.7809614
1094	-2283.099827	15985	4012.781473
1095	350.2100405	16891	866.185207
1096	-731.5167072	14623	-656.2802793
1097	-2965.009645	12919	-1070.058701
1098	-3094.233287	11936	-2674.741389
1099	-2493.538478	11493	-3875.556687
1100	-1597.746866	11067	-4123.90593
1101	611.6891655	10680	-2865.260623
1102	2976.058925	10027	-1842.051576
1103	3973.338111	10443	-427.8801203
1104	4288.56726	12793	704.7999292
1105	3071.050472	15466	773.8687513
1106	1652.199025	16554	1078.602253
1107	-173.1992027	15952	1612.939863
1108	-66.15173608	15313	2175.607217
1109	103.0862058	14452	1781.23255
1110	-120.5890864	14086	1331.966888
1111	-454.8135984	13967	1019.829212
1112	-1000.551816	14205	918.7480549
1113	-756.5595676	14268	513.3854588
1114	-795.3229311	14620	500.5353384
1115	-1071.203807	14878	235.8367168
1116	-1247.531377	14953	-133.2139066
1117	-983.9975126	14823	-211.699225
1118	-623.4659431	14666	-371.6369102
1119	-318.1177746	14761	-470.9131072
1120	142.055227	15036	-507.5562717
1121	70.15186183	14962	-517.5079236
1122	238.7803383	14986	-491.1057011
1123	373.2287267	14977	-472.789597
1124	551.504598	14967	-414.6437881
1125	449.8878178	15054	-136.811701
1126	485.2074509	15125	-116.1223208
1127	532.014855	15145	46.84383979
1128	569.2854245	15255	130.6590897
1129	556.1116307	15359	121.1377117
1130	426.7939733	15624	131.6717746
1131	190.5401636	15540	54.21477576
1132	-177.3221787	15517	202.2291908
1133	-269.8357177	15337	4.985659068
1134	-336.2893247	15195	46.43874877
1135	-322.8556126	15306	-23.44083505
1136	-307.587056	15522	-158.608656
1137	-34.98667578	15413	-99.23377615
1138	-27.7809168	15608	-109.7346249
1139	23.5440347	15760	-159.2629454
1140	-39.2661781	15737	-233.2490981
1141	-27.38257653	15620	-345.6370629
1142	-83.92232678	15624	-192.6540404
1143	-1.367565581	15575	-104.4304746
1144	-5.858933991	15628	-34.55587065
1145	-65.56576614	15597	64.81524011
1146	59.28443679	15624	-11.91272303
1147	-53.26572844	15595	-89.25428405
1148	-10.2925108	16074	-325.484257
1149	-247.7582938	15818	-456.9042013
1150	-395.173472	15929	-440.5619975
1151	-614.6360105	16127	-341.149956
1152	-534.0731406	16238	-92.2150185
1153	-221.0884533	16251	61.41757521
1154	-186.7771597	16325	302.2507918
1155	-198.5447463	16585	789.5054323
1156	-200.4761547	16771	1007.122696
1157	-18.60994911	17045	875.0769191
1158	173.9387944	17622	846.1137157
1159	259.9553952	18470	738.442355
1160	518.6888819	19224	945.0990638
1161	529.3084634	19294	973.4643244
1162	351.0259177	19827	996.9075569
1163	82.04247287	20399	919.4189476
1164	-135.5630413	20190	530.1425583
1165	-620.0673153	19290	425.8298244
1166	-908.7087695	18754	-354.8685777
1167	-800.8897729	18602	-607.7881265
1168	-776.3244031	18246	-1203.172452
1169	-280.4890633	18665	-1679.239453
1170	420.7639024	19883	-2000.090903
1171	693.8641167	20382	-2335.100039
1172	1045.559639	20099	-2481.398846
1173	1265.838994	20549	-1915.726886
1174	929.6432103	20233	-1389.163266
1175	885.495732	20026	-932.4384232
1176	703.5678072	20209	-345.513294
1177	609.9057778	20142	147.7373854
1178	117.406633	20478	460.0940126
1179	-43.10387139	20421	648.366554
1180	-152.9892587	19822	577.8557072
1181	-87.49306895	19443	547.0028303
1182	-187.2584075	19127	454.0676751
1183	-302.3129956	18777	593.3869864
1184	-341.991325	18640	678.693634
1185	-392.5815927	18219	531.6439708
1186	-304.0369838	18010	362.207384
1187	-451.3166134	17588	289.6386358
1188	-376.7856674	17233	181.1161772
1189	-395.7435826	16978	341.9293484
1190	-367.7479219	16811	343.898993
1191	-198.7049502	16449	302.0399979
1192	-62.4381402	15963	165.3674166
1193	-147.1878226	15741	169.9463203
1194	-233.5006422	15186	208.6046286
1195	-44.36164325	14951	201.2317477
1196	-41.18147073	14469	150.1238894
1197	-115.636349	14279	170.1618542
1198	-137.0107923	14024	157.4986395
1199	-66.38030898	13671	168.1672827
1200	-64.61499418	13174	126.6618047
1201	178.990455	13246	-53.15143271
1202	191.8325636	13284	93.37484228
1203	291.6210769	13040	133.4539519
1204	349.2652691	12913	214.8159715
1205	352.6352861	13257	408.2307004
1206	161.2766644	13536	765.4414976
1207	-32.53287494	13605	919.9680669
1208	-200.0931609	13817	1198.263455
1209	-486.4041745	13969	1358.338027
1210	-621.3922738	13810	1508.573866
1211	-748.9582286	13489	1626.753999
1212	-800.4823425	13196	1758.993284
1213	-514.2297322	12755	1437.312913
1214	-92.79777914	12580	1135.888578
1215	157.6987999	12300	576.1589502
1216	244.2057537	12271	1.710439279
1217	266.8057155	12546	-284.4634103
1218	474.5011316	12686	-890.6670463
1219	593.4778435	12451	-1467.09043
1220	774.6159045	11918	-1994.485739
1221	516.8348134	11709	-1705.57184
1222	157.8412398	11793	-1499.962239
1223	-327.6413243	12279	-1471.889604
1224	-1071.688592	13654	-646.5676901
1225	-2255.758436	16317	812.8773541
1226	-2330.302697	17273	2044.996218
1227	-1242.66416	15323	-493.5121361
1228	-1130.016138	14955	-399.7739324
1229	-1189.349227	15227	-1041.461033
1230	-559.6468262	14265	-2377.881987
1231	1209.900397	13577	-3646.107084
1232	2293.614556	13092	-3255.37197
1233	3128.28591	12334	-1465.939958
1234	3735.897966	12352	-1047.321242
1235	3648.757923	13957	-77.19462683
1236	3055.770188	16900	482.0169874
1237	1465.898113	17489	683.7274482
1238	-254.8014859	17219	1040.269749
1239	-969.135172	16154	1541.689352
1240	-1407.428094	16125	1885.041293
1241	-1115.429343	16029	1369.049345
1242	-832.2839313	15913	903.3642117
1243	-849.2162721	15621	755.2732515
1244	-881.1308514	15815	846.9796035
1245	-1074.811014	15914	714.0166991
1246	-1192.413144	15823	780.2777573
1247	-1187.687924	15720	486.4987517
1248	-1104.431912	15531	173.7521947
1249	-799.8245674	15471	24.32230662
1250	-331.2854816	15527	-130.2950268
1251	113.7756998	15559	-195.1658976
1252	421.7256081	15470	-368.9559982
1253	394.3324718	15573	-218.6512147
1254	628.68485	15627	-277.3779618
1255	776.3093868	15677	-354.6544124
1256	923.8861171	15715	-423.9485871
1257	617.4411706	15611	-252.9659376
1258	562.5539478	15575	-333.5068262
1259	583.8385944	15612	-479.7423588
1260	546.1289533	15859	-507.1197047
1261	307.3496201	15940	-464.4761391
1262	230.6470036	16032	-509.0160014
1263	21.51053619	16125	-616.5008113
1264	-234.691664	16012	-437.6090049
1265	-390.0256832	15899	-445.6245149
1266	-392.7681765	15862	-330.3569741
1267	-447.9933886	15816	-157.0665129
1268	-523.8542856	15754	-42.7646996
1269	-477.301172	15747	94.15653044
1270	-484.3262169	15726	237.9673851
1271	-415.3490589	15833	407.2686121
1272	-380.3844303	15726	464.8353084
1273	-323.0332037	15934	631.9589181
1274	-269.7396808	16132	688.9257798
1275	-52.66190606	16106	465.1837037
1276	52.46125588	16192	507.8187075
1277	49.82871061	16207	509.7165666
1278	112.1139111	16352	405.9797792
1279	155.4746673	16481	268.1471611
1280	272.8371894	16686	168.9676253
1281	100.7277551	16769	142.9853745
1282	-12.7595809	16761	198.3891949
1283	29.69820864	16813	216.4189764
1284	50.83647935	16948	216.1112242
1285	141.9713068	16816	206.759739
1286	151.7739875	16703	324.1870782
1287	160.3065872	17011	388.8219352
1288	60.32037336	17673	664.3142377
1289	157.0585045	18431	780.9701586
1290	199.4523263	19088	699.1414197
1291	61.87882417	19423	471.6942047
1292	40.38983451	19818	-34.87135936
1293	185.0336293	19822	-550.5475777
1294	275.6399119	19680	-901.5083018
1295	509.5649547	19221	-1584.323195
1296	557.6110968	19609	-2210.920545
1297	508.1762601	19668	-2044.992012
1298	501.3468238	20049	-2017.351004
1299	78.5675702	20863	-2037.369351
1300	-167.1975061	21021	-1730.135159
1301	-367.6404171	20975	-1068.070657
1302	-181.6302922	20749	-588.65167
1303	-337.5932822	20464	-33.10688127
1304	-687.8673264	20332	570.2846812
1305	-421.3777082	20762	582.210395
1306	-219.9417531	20494	537.2662464
1307	82.55838378	20035	265.5469016
1308	-127.5923506	19619	710.3066511
1309	-329.617998	19443	689.3268808
1310	-404.1225976	19129	653.8712061
1311	-410.1372604	18753	511.5226947
1312	-199.1929977	18414	312.7762379
1313	-206.8833162	18228	255.5415572
1314	-112.8283679	18057	106.140502
1315	-315.4163535	17501	191.282581
1316	-194.0649233	17021	148.0622135
1317	-18.71570978	16871	179.3745121
1318	-62.63454252	16486	313.2970513
1319	4.332169761	15808	327.7185201
1320	5.309762606	15143	310.0055812
1321	110.0042249	15041	241.9703947
1322	-25.17441725	14656	239.7640507
1323	-132.532927	14137	260.3535668
1324	-68.0212222	13689	217.2894699
1325	1.344895012	13792	192.5413205
1326	26.43900597	13532	365.9974195
1327	105.0607697	13133	350.4022596
1328	74.40877694	12675	275.2652762
1329	15.5827027	12527	401.4703036
1330	76.64915364	12444	423.4919044
1331	198.1680043	12405	561.3456169
1332	282.4046797	12403	553.405477
1333	219.5616118	12755	802.4139593
1334	169.7152827	12960	929.1186962
1335	120.113439	13243	980.6786998
1336	154.6034971	13337	978.6891076
1337	72.88120701	13256	998.3129513
1338	-41.02848651	12947	876.2814419
1339	-132.7572049	12671	828.0439507
1340	-287.1916655	12574	817.7373164
1341	-401.0228461	12498	753.6607916
1342	-433.4573744	12452	490.5093292
1343	-329.8600725	12359	210.0388838
1344	-217.8822292	12156	-161.0329287
1345	11.93067159	12202	-269.477833
1346	143.5266246	12330	-373.6602123
1347	424.029215	12394	-910.0195305
1348	526.6187129	12097	-1354.53672
1349	433.86929	11682	-1581.632126
1350	103.6302584	11356	-1687.061207
1351	-498.9038594	11790	-995.9823056
1352	-840.8865483	12941	-287.1777448
1353	-1171.586469	14102	275.3465339
1354	-1708.343851	15656	443.3824657
1355	-982.3891838	15816	711.3483072
1356	-1282.712611	15364	1791.78025
1357	-1019.821837	14347	463.253311
1358	-99.61394699	14043	-1119.978016
1359	-33.61555409	14363	-2045.954341
1360	421.6309158	14149	-2985.047728
1361	1708.064168	13639	-2967.093124
1362	2936.319833	13286	-2212.892917
1363	3592.598533	13044	-1419.61773
1364	4000.36861	13845	-843.1178607
1365	3270.6581	16340	-237.9343095
1366	1822.660603	17798	100.6859296
1367	375.6639117	17445	902.9133923
1368	-584.2635913	16687	1576.084493
1369	-1001.159274	15666	1272.574971
1370	-1302.658599	15090	1014.202223
1371	-1525.537551	15024	795.3836236
1372	-1945.855027	15467	987.4271364
1373	-1413.374817	15867	883.3886712
1374	-1110.014449	16007	738.2607686
1375	-1347.028387	15877	579.9983426
1376	-1579.185077	15475	400.62489
1377	-1480.333132	15228	273.8801596
1378	-1112.317495	15066	140.9632302
1379	-675.9248243	15055	-25.21748638
1380	-168.5910271	15403	-369.0771287
1381	273.3405859	15285	-129.4792458
1382	759.0977616	15347	-205.0941928
1383	1222.227152	15334	-332.8712506
1384	1500.887678	15393	-403.496383
1385	1419.375827	15616	-387.2171276
1386	1296.185152	15807	-393.3133716
1387	1183.323252	15900	-440.0641574
1388	1178.324886	16114	-440.2092505
1389	844.5801707	16144	-303.5506153
1390	470.9273395	16161	-287.3584512
1391	125.7901136	16119	-236.9493728
1392	-107.2235195	16156	-187.8719766
1393	-261.9409969	15950	-141.8051979
1394	-390.1717313	16088	-249.5156378
1395	-543.6176894	15680	-197.3669138
1396	-822.4049637	15749	-194.5587572
1397	-771.6499348	15844	-233.9177007
1398	-872.2764604	15750	-61.11849061
1399	-669.3948425	15625	154.7350807
1400	-693.3032857	15500	233.0051937
1401	-498.9479794	15563	66.44737305
1402	-309.9858266	15620	8.928436626
1403	-143.402404	15573	132.3981313
1404	112.3184864	15659	178.7116072
1405	197.3301316	15721	119.0194419
1406	271.6746586	15966	77.63011434
1407	374.5593489	16093	149.0133301
1408	261.8655007	16262	163.3719659
1409	20.58138481	16230	243.7149544
1410	-165.7898159	16188	282.345538
1411	-348.1710444	16215	344.1686057
1412	-501.3351604	16199	392.6880044
1413	-455.0143869	16127	396.1535073
1414	-347.5674409	16150	414.4920809
1415	-258.2377648	16289	536.198005
1416	-218.7667343	16479	747.1705702
1417	-135.4180226	16620	838.2120666
1418	30.56948887	16972	662.204851
1419	229.5090112	17736	571.0520958
1420	397.1822764	18448	578.8199313
1421	185.8535436	18892	706.8587987
1422	117.8482836	19341	646.2316706
1423	134.1612359	19420	291.7084731
1424	243.7974639	19758	-304.1471571
1425	428.2597676	19447	-826.3346265
1426	508.7536516	19173	-1164.838309
1427	541.2269385	18732	-1818.862184
1428	608.3486968	19215	-2476.798886
1429	636.2984387	20189	-2371.508981
1430	447.5259169	20824	-2011.554492
1431	81.42331742	20794	-1655.518772
1432	-56.20120951	21126	-1245.594476
1433	-3.620891913	20836	-758.0876937
1434	-265.1602029	20406	-375.1954672
1435	-325.641545	20099	120.3737885
1436	-614.7516747	19519	573.9266586
1437	-625.7389605	20454	656.5097861
1438	-649.1637696	20236	453.4806694
1439	-640.5378761	19643	520.1554737
1440	-609.7641676	19191	909.8443709
1441	-491.8475407	19002	905.4257203
1442	-210.2274359	18670	778.0917844
1443	-27.46010479	18171	688.0065472
1444	304.9585674	17726	591.6980199
1445	259.3938414	17487	400.3490516
1446	225.0544775	17282	163.200404
1447	141.1479049	16890	39.32427262
1448	233.7042555	16330	3.536202369
1449	233.1324205	16078	42.54287066
1450	225.5584073	15833	126.0890912
1451	203.1930564	15387	146.5896793
1452	289.6319634	14983	24.93440892
1453	310.8157958	14937	17.76268388
1454	123.4138188	14164	115.9179219
1455	397.9760788	14493	-8.16565425
1456	185.9443547	14218	82.47517954
1457	-100.2095921	13584	398.562677
1458	-17.38741939	13554	488.8733024
1459	185.7375501	13091	437.0363409
1460	140.9269339	12733	385.4853819
1461	39.01184855	12646	355.820152
1462	113.1933617	12588	301.1276176
1463	26.13916198	12554	375.0724845
1464	24.14249874	12339	527.3535564
1465	-92.36546713	12548	532.6478166
1466	-181.6617863	12706	617.4014852
1467	-331.6772106	12918	864.0942014
1468	-472.7984316	13137	1148.652772
1469	-546.7381407	13075	1128.931589
1470	-499.6427292	13007	1162.270088
1471	-550.6385453	12839	1193.115634
1472	-585.5958033	12611	1148.054439
1473	-578.3898039	12410	929.1537604
1474	-481.7113751	12366	674.0243959
1475	-307.7648176	12516	436.9943658
1476	-264.6064758	12931	588.3701476
1477	-90.21984597	13260	-55.48375681
1478	-12.09723212	13377	-950.2283099
1479	-158.4309742	13609	-1614.483779
1480	-423.8384067	13990	-1922.393138
1481	-986.9759146	15173	-671.3400081
1482	-1426.841321	16806	1609.950122
1483	0.827507344	15483	150.909518
1484	1112.571443	14298	-2536.786086
1485	586.0161843	14787	-2394.180166
1486	966.2301482	14824	-2846.564979
1487	1185.337089	14339	-3114.887978
1488	1224.29775	13638	-3249.109557
1489	1171.271906	13264	-2678.363098
1490	1972.064206	12901	-1488.578178
1491	2408.699048	13217	-445.646224
1492	2514.499655	14608	786.3853988
1493	1538.927822	16198	990.0733787
1494	142.9604357	16821	1104.802952
1495	-955.1214867	16464	1586.42893
1496	-1523.684267	16152	2260.429301
1497	-1082.077459	15134	1680.023501
1498	-971.4280301	14909	1414.294088
1499	-853.6793603	14958	1089.870584
1500	-893.5321308	15277	835.9740971
1501	-794.1621479	15572	866.8758397
1502	-683.1271772	15901	625.113752
1503	-732.9096967	16108	653.8654418
1504	-915.4838261	15700	-370.1178641
1505	-479.9989215	15629	-142.4916202
1506	-423.8186163	15108	-467.8501557
1507	-227.959928	15081	-698.5562839
1508	-12.51638998	15301	-709.009888
1509	222.8578541	15516	-593.8404871
1510	467.3545186	15700	-479.8708427
1511	631.0601653	15613	-496.7573498
1512	799.0151708	15450	-393.9881975
1513	729.4449375	15484	-331.3874936
1514	718.2904171	15535	-254.7926591
1515	703.1815437	15610	-166.2264748
1516	687.9369044	15728	-26.29583369
1517	582.4703812	15890	-46.00776438
1518	406.4850992	15978	-23.24062835
1519	203.7545053	16088	63.99099576
1520	-115.9181023	16040	8.629467535
1521	-157.322099	15912	-59.55427049
1522	-331.906831	15777	-157.1335991
1523	-599.3458187	15674	-177.4070129
1524	-720.6418907	15567	-150.103399
1525	-574.800884	15526	-121.4741409
1526	-444.9437557	15596	-147.1537994
1527	-296.3744697	15572	-176.5389642
1528	-248.6925945	15500	-177.2581204
1529	-211.1649756	15605	-109.2815613
1530	118.7126244	15733	-156.885691
1531	113.7722608	15881	-140.7744008
1532	264.8440729	15845	-179.6068809
1533	229.6467483	15813	-60.29870156
1534	205.3068584	15953	94.57495706
1535	207.8409802	16119	211.9570086
1536	120.9181561	16281	341.2800275
1537	-52.21312698	16368	381.395705
1538	-335.7736992	16403	480.2878837
1539	-485.806231	16477	646.0841606
1540	-662.9890334	16565	789.7778951
1541	-611.2204751	16490	697.0533136
1542	-581.0478642	16388	553.9251197
1543	-514.8918494	16414	547.5448021
1544	-381.8030804	16446	471.0382056
1545	-180.4682612	16523	558.5095091
1546	98.27812748	16752	556.9811095
1547	307.9822784	17051	584.453335
1548	398.5412326	17539	483.9907384
1549	339.7224188	18169	568.2385752
1550	270.7290216	18750	777.6720547
1551	216.4547826	19019	784.5636511
1552	273.3650841	19485	665.6549921
1553	385.8777155	19995	-370.9813917
1554	296.4059635	20048	-1003.449665
1555	230.8341379	19352	-1436.94985
1556	327.4341752	19227	-2119.950374
1557	84.12334611	19308	-2328.760383
1558	-120.9065419	19471	-2257.458022
1559	-335.8907147	19827	-2169.242678
1560	-483.3134996	20649	-2150.57777
1561	-332.1584452	21091	-1584.99583
1562	52.47293928	21131	-638.1627138
1563	338.3542863	20613	-205.4745439
1564	476.5906468	20645	269.2964978
1565	15.55033516	20380	260.0405649
1566	-48.50734853	20597	505.3449765
1567	-128.4617034	20501	705.4505103
1568	-105.5130753	20204	957.9649331
1569	-180.5786797	19710	763.8942541
1570	-166.2343568	19255	730.5632877
1571	-334.8730361	18872	760.2142658
1572	-456.6126182	18398	729.5982555
1573	-243.3284277	18125	521.8200428
1574	-152.5977935	17937	348.217115
1575	-91.36129299	17558	219.1053498
1576	224.2152508	16806	385.3867465
1577	218.9844476	16581	331.0744207
1578	248.0807167	15997	423.3967054
1579	180.4500364	15533	158.4896304
1580	219.4100539	14854	112.2143243
1581	168.9616459	14683	168.7674104
1582	118.0302654	14181	150.5932412
1583	-58.68845684	13564	266.3176042
1584	-115.2553587	12906	324.5630206
1585	-7.814991245	12837	313.7696831
1586	63.85276594	12610	357.1239772
1587	173.784792	12339	314.5562324
1588	280.8477917	12005	356.3396913
1589	265.4883133	12209	443.4371064
1590	153.1323382	12191	651.4397858
1591	200.0974433	12233	763.3390451
1592	128.6144029	12390	1087.9154
1593	123.4542359	12940	1310.744537
1594	69.69489234	13178	1374.88439
1595	25.06896652	13266	1354.539077
1596	-23.4294388	13065	1380.303163
1597	33.6567041	12412	1186.444784
1598	-44.12074683	11887	794.2054907
1599	-40.9885947	11441	424.0781452
1600	-152.0873554	11477	91.60855541
1601	-216.885686	11835	-2.308290041
1602	-239.5509391	12042	-285.448837
1603	-251.9939742	11946	-1193.462049
1604	-643.285505	12168	-1159.852073
1605	-1561.555049	13477	-164.1040624
1606	-2776.604697	15169	-121.468086
1607	-2820.278799	16347	-1339.280036
1608	-1502.97367	15892	-618.7662036
1609	-581.3701156	14547	-458.4507496
1610	864.0614405	14115	-1829.317826
1611	1315.507791	14868	-3225.568463
1612	563.8931599	14443	-3773.689393
1613	1528.936187	13545	-3092.570863
1614	2882.168909	12351	-2140.497176
1615	3833.981371	11949	-1543.765169
1616	4161.737904	13474	-653.4119699
1617	3164.231368	16394	132.366936
1618	1277.315088	18124	568.1118067
1619	-495.5273056	18125	1205.318673
1620	-1255.209119	16909	2105.216228
1621	-1178.196385	15556	1860.796592
1622	-1389.198944	14703	1398.506839
1623	-1405.988005	14322	1182.507856
1624	-1778.826549	14522	652.8734566
1625	-1307.355407	15421	788.2772614
1626	-1284.949359	15513	925.9450767
1627	-976.5599633	15838	947.019819
1628	-885.1441058	15355	540.3044297
1629	-713.9687474	15256	162.3690815
1630	-546.3781	15172	-89.55689407
1631	-267.9861109	15017	-180.7389801
1632	184.7855814	15009	-383.569174
1633	484.5919359	15088	-345.0681702
1634	930.2287545	15215	-453.8963404
1635	896.5346039	15115	-495.6395398
1636	1052.216277	15203	-682.5826669
1637	878.8420889	15361	-625.8970339
1638	630.2118047	15249	-539.7577381
1639	615.7886227	15234	-477.6765213
1640	463.6713848	15419	-444.5583926
1641	215.3983498	15676	-354.1878135
1642	128.348527	15783	-285.0190629
1643	-134.5201483	15696	-209.9547749
1644	-259.7339466	15655	-242.7433572
1645	-247.021365	15289	-54.80085896
1646	-313.9962747	15243	-31.96577454
1647	-369.1801597	15349	38.14290661
1648	-335.8003749	15423	105.8265332
1649	-247.2995343	15561	169.0906068
1650	107.871851	15608	118.1615064
1651	9.320395348	16103	314.8431836
1652	42.18501099	15991	357.0883934
1653	94.6863473	15876	274.5099483
1654	136.9993972	16087	205.5837093
1655	75.72734685	16424	233.0258639
1656	-41.25368704	16694	299.572584
1657	-326.2799151	16705	347.5855424
1658	-509.868622	16759	531.8287273
1659	-622.3836927	16868	614.4739864
1660	-783.4379467	16973	634.520884
1661	-731.239038	16866	457.0642108
1662	-694.650497	16785	383.769046
1663	-630.0196907	16859	387.6845974
1664	-523.9783132	16875	349.8456001
1665	-234.5360301	17027	353.8222405
1666	-106.9705094	17095	538.1063035
1667	127.5865571	17490	801.8517776
1668	236.9531663	18062	969.0543651
1669	431.0611905	18719	1004.875906
1670	466.1340244	18995	754.4238612
1671	326.2944282	19222	608.1153483
1672	766.9991812	19889	-336.1845616
1673	1262.032105	20553	-800.1956349
1674	1248.329377	20258	-1750.335627
1675	1087.826412	19834	-2545.742347
1676	613.4408487	20432	-2998.321352
1677	75.65098884	20294	-2805.789722
1678	-230.1477511	20903	-2689.344433
1679	-694.8669779	22116	-2263.659354
1680	-556.8321678	22322	-1979.80345
1681	-452.1801646	21732	-806.9058153
1682	-80.46931785	21135	-284.8144734
1683	-360.7147033	20904	482.064461
1684	-773.396651	21396	1279.153299
1685	-357.0664324	21053	1150.856853
1686	-682.5486843	20027	774.0728948
1687	-407.5379106	19647	792.8549094
1688	-449.3432473	19043	1158.549265
1689	-352.0834517	19037	1064.710509
1690	-185.9123242	18817	914.9104254
1691	36.09479799	18351	637.2169119
1692	171.8344702	17740	277.7837076
1693	-256.8140763	17254	292.0776534
1694	411.6844587	17508	-13.19112081
1695	433.6304326	16975	-79.97715741
1696	503.5401349	16432	-94.46595352
1697	442.8176602	16010	-30.53097019
1698	455.2354404	15512	121.2808479
1699	405.156275	15112	137.5371895
1700	220.6565088	14551	152.2303087
1701	271.1652444	14402	142.055146
1702	81.24096419	14161	179.0480045
1703	159.4605	13824	220.9310396
1704	170.4356584	13299	289.9283505
1705	215.5445521	13134	267.3022502
1706	354.5642157	12892	363.6424795
1707	445.475208	12544	320.6079569
1708	192.6711583	11970	529.8267893
1709	298.6482786	12195	442.6164446
1710	231.252073	12278	526.0889901
1711	173.4348617	12348	671.5570704
1712	-194.2122381	12461	1113.506252
1713	-394.0333264	12956	1515.11687
1714	-501.0323251	13345	1580.897957
1715	-709.2547566	13296	1643.963408
1716	-930.5919517	13244	1668.792585
1717	-943.7275126	12796	1490.046736
1718	-857.1732401	12231	1235.741194
1719	-788.0009782	11843	991.8928468
1720	-535.966981	11764	696.6161327
1721	-102.3681452	11907	268.7686319
1722	139.994299	12049	4.619295617
1723	464.590929	12334	-489.972954
1724	687.7020041	12115	-1555.300849
1725	824.5793753	11694	-2105.253143
1726	629.0371125	11396	-1877.142104
1727	333.5345312	11284	-1883.459401
1728	1038.907867	10949	-2771.419607
1729	475.5060273	11638	-2544.809318
1730	-796.8001518	15824	1109.805791
1731	-1724.380846	16658	3643.534063
1732	239.6820674	17081	-1491.119164
1733	-1257.84428	14281	-1918.439847
1734	-2452.202485	13839	-2380.23118
1735	-2025.075349	13000	-2846.812442
1736	-827.0975942	12373	-3097.832807
1737	1149.198365	11790	-2540.829504
1738	2755.102828	10993	-1658.359335
1739	4023.7538	11243	-929.8745863
1740	3528.774517	12292	599.0194634
1741	2112.782929	15536	1385.598619
1742	547.4551589	16951	1492.472168
1743	-1020.874786	17805	1827.786002
1744	-440.0241794	16180	2499.927811
1745	171.6367535	14782	1727.964938
1746	-214.6615421	14272	1293.970794
1747	-619.000349	13826	737.6361829
1748	-740.9242578	14568	923.3276215
1749	-357.5272316	14849	900.2127273
1750	-356.8802956	15091	613.6488913
1751	-827.0269644	15384	438.0685455
1752	-1338.582017	14991	127.437354
1753	-1184.074422	14783	40.08889256
1754	-888.2505979	14727	-146.0984857
1755	-755.1962169	14429	-286.2085827
1756	-267.880487	14699	-398.8126588
1757	-19.21387282	14962	-322.9867792
1758	252.3147778	15026	-271.9715503
1759	435.5140942	14924	-157.4269111
1760	696.2666531	14981	-272.6398113
1761	688.9737319	15135	-333.8259131
1762	731.1244182	15182	-307.6774285
1763	723.5136612	15313	-507.3724467
1764	553.7539926	15655	-514.1475234
1765	634.7216471	15669	-547.442031
1766	424.5128743	15580	-591.5159612
1767	78.41656225	15437	-490.1231767
1768	-100.7627647	15477	-552.3358798
1769	-152.7989041	15493	-643.8227363
1770	-121.8090078	15265	-401.8272731
1771	-185.2121111	15554	-497.2034572
1772	-470.5642654	15313	-42.41171516
1773	-384.9877571	15371	138.6773066
1774	-379.5388055	15464	322.222578
1775	-187.5894286	15399	411.7053127
1776	-76.28380914	15562	650.650841
1777	-173.1381482	15832	730.2719573
1778	-159.2464134	16035	748.0654665
1779	-212.2385157	16220	945.5544788
1780	-282.0586926	16439	1006.038174
1781	-367.3781824	16380	847.7879305
1782	-415.523629	16368	747.3059386
1783	-513.2805801	16445	627.4501879
1784	-415.2639474	16880	722.8880459
1785	29.07150329	17425	648.620494
1786	459.8324238	18389	495.426724
1787	742.779636	19674	239.4835862
1788	496.4378414	20509	377.4181349
1789	-55.70441402	19659	356.6440357
1790	-370.8894253	19469	391.7499984
1791	-650.6252888	19685	-316.4992806
1792	-1337.038046	19706	-489.2613967
1793	-1420.736478	19248	-496.4910559
1794	-890.4847105	19446	-1151.791413
1795	-535.5526158	19247	-1719.582803
1796	-310.6805658	19566	-2294.226392
1797	-117.2049246	20422	-2543.644088
1798	-34.67917397	20891	-2463.691698
1799	531.3058294	20578	-2294.665461
1800	1288.459684	21526	-2002.99702
1801	1242.152363	20765	-1242.770665
1802	1002.174937	20166	-453.9091666
1803	436.8407273	20002	504.9902542
1804	441.5559887	20128	1155.226867
1805	434.6392328	19834	892.5393514
1806	414.3456736	19815	707.383244
1807	147.1874685	19303	882.4112206
1808	27.30642038	18712	1277.674295
1809	120.4241686	18524	1142.981528
1810	277.1518941	18263	946.3209477
1811	170.2835411	17899	763.7418135
1812	16.02324125	17244	516.3558423
1813	-66.90305498	17308	348.5429185
1814	-184.0912358	16920	242.0698501
1815	-266.3954534	16469	317.6700116
1816	-409.2286625	15694	317.495324
1817	-165.2762435	15566	188.0483092
1818	265.029404	15776	158.4352008
1819	135.8527166	15237	187.2109258
1820	143.8548894	14607	182.865554
1821	-0.115740857	14266	260.1571837
1822	-130.8358159	13908	139.2812642
1823	-239.3181843	13604	245.7022842
1824	-162.9888709	13154	308.594941
1825	-38.81840659	13011	303.0187779
1826	-32.33193978	12708	395.3330245
1827	68.81985635	12617	437.7345541
1828	156.9702798	12174	455.6066833
1829	194.0802916	12195	322.5448873
1830	351.4901903	12174	298.8698079
1831	227.1615277	12279	379.2320111
1832	128.313286	12170	367.1675401
1833	11.31491009	12357	668.1237167
1834	-83.13611676	12609	764.4595988
1835	-32.14351874	12846	925.4740329
1836	-70.69302276	12873	861.6380022
1837	-224.0023389	12729	823.7366369
1838	-476.9404666	12565	874.5536356
1839	-663.8332336	12290	863.8716955
1840	-813.33003	12142	893.4500213
1841	-702.1035114	12010	738.0525491
1842	-536.9088963	11968	533.4018655
1843	-304.8721662	11833	213.2279289
1844	-45.20639593	11655	-240.3632686
1845	178.1814065	11688	-530.4652065
1846	369.5995736	11799	-781.4708967
1847	580.4321525	11992	-773.5804687
1848	755.8276712	11997	-1184.469253
1849	844.56542	11878	-1507.397608
1850	564.7668714	11370	-1830.86636
1851	246.1471715	11413	-1378.997273
1852	-583.345692	12054	-342.0192591
1853	-489.9554118	13137	693.581075
1854	-1362.639895	14700	1641.01645
1855	-1541.184766	16465	1229.679409
1856	-1556.949803	16835	1224.087313
1857	-1177.682248	14347	-914.1048848
1858	-1109.672575	14464	-1750.023321
1859	-1162.252806	14624	-2822.675361
1860	-1.627383243	14171	-3446.725265
1861	1842.638161	13506	-3264.268196
1862	3636.080247	12607	-2259.773737
1863	4062.426197	12436	-1360.086006
1864	4387.761117	13308	-473.6965359
1865	2837.782481	16548	87.9850865
1866	923.2983423	18060	590.669481
1867	-909.8956972	18175	1545.645613
1868	-1083.159488	16943	2174.175831
1869	-784.1697969	15515	1918.6255
1870	-823.7307398	14900	1474.093363
1871	-828.8267072	14597	873.6920143
1872	-1399.155418	14833	1094.37578
