61.6238938398
61.6238938398
62.0426466742
62.9639622435
62.1263992637
62.7964442531
62.1263992637
62.1263992637
62.1263992637
62.4614163641
62.7126862694
62.9639622435
62.0426466742
61.3726502292
61.7076430583
61.3726502292
61.4563974252
62.0426466742
61.7076430583
61.6238938398
61.2051578594
61.7076430583
61.2051578594
61.7076430583
61.7076430583
62.1263992637
62.1263992637
61.6238938398
61.3726502292
61.7076430583
61.7076430583
62.0426466742
61.6238938398
61.7076430583
62.3776610776
62.1263992637
62.1263992637
61.4563974252
61.4563974252
61.4563974252
62.0426466742
61.4563974252
62.1263992637
61.4563974252
62.0426466742
61.2051578594
62.0426466742
61.6238938398
62.2939064654
60.9539243605
61.6238938398
61.3726502292
61.7076430583
62.1263992637
62.2939064654
61.7076430583
62.0426466742
62.7964442531
61.4563974252
61.4563974252
61.7076430583
62.3776610776
61.4563974252
61.7076430583
62.2939064654
62.1263992637
61.7076430583
61.4563974252
62.0426466742
62.0426466742
61.3726502292
61.7076430583
61.6238938398
61.3726502292
61.3726502292
61.2051578594
61.6238938398
60.7864387316
61.7076430583
60.7026969282
61.3726502292
61.6238938398
61.4563974252
61.6238938398
61.3726502292
62.0426466742
61.2051578594
61.6238938398
61.3726502292
61.2051578594
61.7076430583
60.5352153435
61.4563974252
61.0376681861
61.6238938398
61.7076430583
61.4563974252
62.0426466742
61.3726502292
60.7864387316
61.7076430583
61.6238938398
62.0426466742
61.6238938398
61.6238938398
62.2939064654
62.5451723249
61.6238938398
62.1263992637
62.1263992637
61.7076430583
61.6238938398
61.6238938398
61.6238938398
61.2051578594
62.0426466742
61.4563974252
61.7076430583
62.1263992637
61.4563974252
61.0376681861
61.7076430583
61.6238938398
61.6238938398
62.0426466742
61.2051578594
61.3726502292
62.5451723249
62.3776610776
62.1263992637
61.6238938398
61.7076430583
61.7076430583
62.1263992637
61.0376681861
61.3726502292
61.7076430583
62.1263992637
62.1263992637
62.1263992637
62.0426466742
62.0426466742
62.0426466742
61.6238938398
62.1263992637
61.6238938398
60.9539243605
61.7076430583
61.3726502292
61.2051578594
62.0426466742
61.2051578594
61.7076430583
61.6238938398
61.4563974252
61.7076430583
61.4563974252
62.0426466742
62.2939064654
61.7076430583
61.6238938398
61.7076430583
61.3726502292
61.4563974252
61.7076430583
62.3776610776
60.9539243605
61.3726502292
62.2939064654
60.9539243605
62.1263992637
62.3776610776
62.2939064654
62.7964442531
62.3776610776
62.3776610776
61.6238938398
62.1263992637
62.2939064654
61.7076430583
62.5451723249
61.4563974252
60.7864387316
61.2051578594
61.3726502292
61.6238938398
60.7026969282
61.2051578594
61.3726502292
61.6238938398
62.0426466742
62.1263992637
61.3726502292
62.0426466742
61.3726502292
61.3726502292
61.3726502292
61.3726502292
61.3726502292
61.6238938398
60.7026969282
61.6238938398
60.9539243605
62.1263992637
61.7076430583
62.2939064654
61.7076430583
61.7076430583
62.0426466742
61.3726502292
61.7076430583
61.6238938398
61.7076430583
62.1263992637
62.0426466742
62.0426466742
61.6238938398
60.7864387316
60.7864387316
62.1263992637
61.7076430583
60.4514755621
62.0426466742
61.2051578594
62.0426466742
61.2051578594
61.6238938398
62.0426466742
61.4563974252
62.0426466742
61.7076430583
61.7076430583
61.2051578594
61.3726502292
61.6238938398
60.7026969282
61.7076430583
61.6238938398
61.6238938398
61.6238938398
61.7076430583
62.1263992637
62.0426466742
61.6238938398
61.2051578594
61.7076430583
61.0376681861
61.4563974252
61.3726502292
61.0376681861
61.6238938398
61.6238938398
62.0426466742
62.1263992637
62.0426466742
61.6238938398
62.5451723249
61.2051578594
62.5451723249
62.0426466742
61.6238938398
62.1263992637
62.1263992637
61.3726502292
61.3726502292
61.4563974252
62.2939064654
61.6238938398
61.2051578594
60.7864387316
61.6238938398
61.0376681861
62.0426466742
61.4563974252
61.4563974252
62.1263992637
62.1263992637
61.7076430583
61.7076430583
62.0426466742
61.6238938398
61.6238938398
62.3776610776
62.0426466742
61.4563974252
62.0426466742
62.2939064654
61.7076430583
61.2051578594
60.9539243605
61.3726502292
61.6238938398
61.7076430583
61.3726502292
61.0376681861
61.6238938398
61.6238938398
61.3726502292
61.4563974252
61.7076430583
62.0426466742
62.2939064654
61.3726502292
61.2051578594
61.7076430583
62.1263992637
62.1263992637
62.0426466742
61.4563974252
61.6238938398
62.2939064654
61.2051578594
62.3776610776
62.0426466742
61.3726502292
62.1263992637
62.2939064654
61.3726502292
61.6238938398
62.0426466742
61.6238938398
61.3726502292
62.0426466742
62.0426466742
61.2051578594
62.3776610776
62.0426466742
61.6238938398
62.1263992637
62.2939064654
61.6238938398
62.0426466742
61.0376681861
61.4563974252
61.6238938398
61.6238938398
61.2051578594
62.0426466742
62.1263992637
61.6238938398
62.0426466742
61.2051578594
62.0426466742
61.3726502292
61.6238938398
61.0376681861
62.0426466742
62.2939064654
61.6238938398
62.0426466742
62.1263992637
62.2939064654
61.7076430583
61.7076430583
62.1263992637
61.2051578594
61.3726502292
61.2051578594
61.6238938398
61.4563974252
61.6238938398
61.2051578594
62.0426466742
61.6238938398
62.0426466742
61.4563974252
62.2939064654
61.6238938398
61.7076430583
62.0426466742
62.0426466742
61.6238938398
62.0426466742
61.4563974252
61.6238938398
61.6238938398
62.3776610776
61.3726502292
61.3726502292
61.2889037072
61.7076430583
62.0426466742
61.2051578594
61.6238938398
61.6238938398
61.2051578594
61.4563974252
61.3726502292
61.4563974252
62.1263992637
61.7076430583
61.7076430583
61.6238938398
62.0426466742
61.6238938398
61.4563974252
62.1263992637
61.6238938398
60.9539243605
61.7076430583
61.4563974252
61.3726502292
61.7076430583
62.1263992637
61.0376681861
61.2889037072
61.6238938398
60.9539243605
61.7076430583
61.7076430583
62.3776610776
61.2051578594
61.0376681861
62.0426466742
61.4563974252
61.4563974252
61.7076430583
62.2939064654
61.6238938398
61.6238938398
62.0426466742
61.4563974252
61.6238938398
62.2939064654
62.3776610776
61.6238938398
61.6238938398
62.2939064654
61.6238938398
62.2939064654
61.7076430583
61.6238938398
62.2939064654
61.456397425
62.62892896
61.4563974252
62.1263992637
62.2939064654
62.0426466742
61.6238938398
62.2939064654
62.2939064654
62.1263992637
62.0426466742
61.6238938398
61.7076430583
61.4563974252
61.7076430583
60.9539243605
60.7864387316
61.2051578594
62.0426466742
61.2889037072
62.2939064654
61.7076430583
61.6238938398
62.2939064654
61.7076430583
62.1263992637
61.7076430583
61.0376681861
61.7076430583
61.2051578594
62.0426466742
61.2889037072
61.4563974252
61.7076430583
61.2889037072
61.0376681861
61.2051578594
62.0426466742
61.6238938398
61.4563974252
61.7076430583
61.2889037072
61.6238938398
61.6238938398
61.6238938398
61.4563974252
61.4563974252
62.0426466742
61.7076430583
62.0426466742
61.2889037072
61.6238938398
61.7076430583
61.2051578594
61.4563974252
62.1263992637
62.3776610776
61.6238938398
62.1263992637
61.6238938398
61.4563974252
61.2889037072
61.4563974252
61.4563974252
61.6238938398
60.7026969282
61.2889037072
61.4563974252
61.2889037072
61.2889037072
60.9539243605
61.6238938398
61.6238938398
61.2051578594
61.2889037072
61.2051578594
60.9539243605
61.4563974252
61.4563974252
61.6238938398
61.4563974252
62.0426466742
61.0376681861
61.6238938398
61.7076430583
61.4563974252
61.2051578594
61.2889037072
61.0376681861
61.2051578594
61.0376681861
60.9539243605
61.2051578594
62.0426466742
61.2051578594
60.7026969282
61.4563974252
61.4563974252
61.4563974252
61.7076430583
61.2889037072
61.0376681861
62.1263992637
62.1263992637
61.2051578594
61.4563974252
61.2051578594
60.7864387316
62.1263992637
61.4563974252
61.7076430583
60.9539243605
61.7076430583
62.0426466742
62.2939064654
61.2889037072
62.0426466742
61.6238938398
61.2889037072
60.9539243605
61.7076430583
60.7026969282
61.2051578594
61.2051578594
61.6238938398
62.2939064654
61.6238938398
61.6238938398
60.9539243605
61.2889037072
61.4563974252
61.0376681861
60.9539243605
61.2889037072
61.6238938398
61.6238938398
61.4563974252
61.0376681861
61.6238938398
62.3776610776
61.4563974252
61.4563974252
61.6238938398
61.4563974252
61.2889037072
61.4563974252
60.9539243605
61.2051578594
62.1263992637
62.0426466742
62.1263992637
62.3776610776
61.0376681861
61.6238938398
61.4563974252
61.0376681861
61.4563974252
62.0426466742
61.6238938398
61.4563974252
61.4563974252
62.0426466742
61.2051578594
61.4563974252
62.3776610776
61.4563974252
61.6238938398
61.4563974252
61.4563974252
62.1263992637
62.1263992637
61.2889037072
61.0376681861
62.1263992637
61.7076430583
62.1263992637
61.707643058
62.62892896
61.2889037072
61.6238938398
61.2889037072
60.9539243605
61.7076430583
61.2889037072
61.6238938398
62.0426466742
61.0376681861
61.7076430583
61.2051578594
61.6238938398
61.2889037072
61.2889037072
61.2051578594
62.2939064654
62.1263992637
61.0376681861
61.7076430583
61.4563974252
62.2939064654
60.7864387316
62.3776610776
62.0426466742
61.2051578594
61.6238938398
62.0426466742
61.6238938398
61.2889037072
61.7076430583
61.7076430583
61.6238938398
61.4563974252
61.707643058
62.62892896
60.9539243605
61.7076430583
61.6238938398
61.4563974252
61.2889037072
62.0426466742
61.7076430583
61.4563974252
62.0426466742
61.4563974252
62.1263992637
61.4563974252
61.6238938398
62.5451723249
61.6238938398
61.6238938398
61.4563974252
62.0426466742
61.0376681861
61.2051578594
61.2889037072
60.9539243605
62.1263992637
