62.7964442531
63.9691268353
63.9691268353
63.382769021
64.1366637098
63.9691268353
64.3879740804
64.1366637098
64.3879740804
63.8853594099
64.8068381895
63.6340611804
63.0477222502
62.9639622435
63.6340611804
63.8853594099
64.3879740804
64.2204331588
64.2204331588
63.4665323997
63.7178265824
63.7178265824
63.9691268353
64.3879740804
63.9691268353
64.3879740804
63.8853594099
63.6340611804
63.8853594099
63.9691268353
63.382769021
64.1366637098
64.1366637098
64.5555177002
64.2204331588
64.8068381895
63.9691268353
63.9691268353
63.9691268353
64.1366637098
63.7178265824
63.6340611804
63.8853594099
64.5555177002
63.6340611804
64.1366637098
63.8853594099
64.5555177002
64.2204331588
63.6340611804
64.5555177002
64.8906130351
64.471745553
64.2204331588
64.6392905221
64.471745553
64.3879740804
64.6392905221
63.6340611804
64.2204331588
64.471745553
64.6392905221
63.9691268353
64.2204331588
64.1366637098
64.2204331588
63.9691268353
64.2204331588
64.3879740804
64.1366637098
63.9691268353
63.7178265824
64.1366637098
63.2152442868
63.8853594099
63.9691268353
63.9691268353
63.9691268353
63.9691268353
64.1366637098
63.8853594099
64.471745553
63.9691268353
63.9691268353
63.8853594099
63.9691268353
63.9691268353
64.471745553
63.9691268353
64.471745553
63.6340611804
63.6340611804
63.9691268353
64.1366637098
63.9691268353
64.1366637098
64.1366637098
63.8853594099
64.2204331588
64.3879740804
64.3879740804
64.1366637098
64.6392905221
63.9691268353
63.6340611804
63.2990063167
63.4665323997
63.9691268353
64.2204331588
64.471745553
63.8853594099
64.3879740804
63.7178265824
64.2204331588
64.1366637098
63.2990063167
63.9691268353
62.9639622435
64.2204331588
63.8853594099
64.1366637098
63.7178265824
63.4665323997
64.2204331588
63.2152442868
64.2204331588
63.9691268353
63.7178265824
63.7178265824
63.9691268353
63.9691268353
64.471745553
64.3879740804
64.471745553
64.2204331588
64.1366637098
63.7178265824
64.3879740804
63.9691268353
64.8068381895
63.6340611804
64.1366637098
64.1366637098
63.8853594099
64.2204331588
63.8853594099
63.6340611804
64.1366637098
64.471745553
64.6392905221
63.9691268353
64.1366637098
63.9691268353
64.6392905221
64.8068381895
64.6392905221
63.9691268353
63.8853594099
63.8853594099
64.1366637098
63.4665323997
64.1366637098
63.8853594099
64.2204331588
64.3879740804
63.6340611804
63.9691268353
64.1366637098
64.1366637098
64.8906130351
64.3879740804
63.9691268353
63.9691268353
63.7178265824
63.9691268353
63.8853594099
63.7178265824
64.1366637098
63.9691268353
63.8853594099
63.9691268353
63.9691268353
63.8853594099
64.471745553
63.8853594099
63.9691268353
63.6340611804
64.3879740804
63.6340611804
64.1366637098
64.471745553
64.2204331588
63.9691268353
64.8906130351
64.3879740804
64.2204331588
64.471745553
63.9691268353
63.4665323997
64.2204331588
63.9691268353
63.4665323997
64.1366637098
63.9691268353
63.7178265824
63.7178265824
64.2204331588
63.4665323997
63.6340611804
64.1366637098
64.1366637098
63.7178265824
63.4665323997
63.9691268353
63.9691268353
63.9691268353
63.9691268353
63.0477222502
63.6340611804
63.2152442868
64.2204331588
63.8853594099
63.8853594099
63.9691268353
63.9691268353
63.8853594099
63.382769021
63.8853594099
63.7178265824
64.1366637098
63.9691268353
63.7178265824
64.1366637098
64.1366637098
64.6392905221
63.6340611804
64.1366637098
63.6340611804
63.9691268353
63.8853594099
64.1366637098
64.1366637098
63.8853594099
63.8853594099
64.1366637098
64.1366637098
63.7178265824
64.1366637098
64.3879740804
63.7178265824
64.1366637098
63.8853594099
63.6340611804
63.7178265824
64.6392905221
63.7178265824
64.3879740804
63.9691268353
63.9691268353
64.2204331588
64.1366637098
64.5555177002
64.2204331588
63.9691268353
63.382769021
64.1366637098
63.8853594099
64.2204331588
63.9691268353
63.7178265824
64.1366637098
63.8853594099
63.7178265824
64.2204331588
63.9691268353
64.6392905221
64.2204331588
63.9691268353
64.2204331588
63.9691268353
63.8853594099
64.3879740804
64.1366637098
64.2204331588
64.2204331588
64.1366637098
64.3879740804
63.9691268353
63.8853594099
63.8853594099
63.8853594099
63.8853594099
64.5555177002
64.3879740804
64.3879740804
63.6340611804
64.3879740804
63.4665323997
63.6340611804
63.7178265824
64.2204331588
64.2204331588
64.6392905221
63.8853594099
64.2204331588
64.3879740804
63.8853594099
63.9691268353
64.1366637098
64.1366637098
63.8853594099
63.9691268353
63.8853594099
63.9691268353
63.9691268353
63.6340611804
64.471745553
64.471745553
64.1366637098
63.7178265824
63.8853594099
64.3879740804
64.1366637098
64.1366637098
64.1366637098
63.8853594099
64.471745553
63.8853594099
64.471745553
63.9691268353
64.3879740804
63.8853594099
63.9691268353
64.1366637098
63.9691268353
64.1366637098
64.2204331588
64.1366637098
63.8853594099
64.2204331588
64.3879740804
63.382769021
63.6340611804
64.1366637098
64.2204331588
64.3879740804
64.471745553
63.9691268353
63.6340611804
64.2204331588
63.8853594099
64.2204331588
63.7178265824
63.9691268353
63.9691268353
63.7178265824
63.6340611804
63.7178265824
63.6340611804
63.9691268353
64.1366637098
63.7178265824
64.1366637098
63.0477222502
63.0477222502
63.4665323997
63.6340611804
62.9639622435
63.4665323997
63.4665323997
63.9691268353
63.7178265824
63.7178265824
63.7178265824
63.6340611804
63.382769021
63.0477222502
63.4665323997
63.382769021
63.6340611804
63.7178265824
63.7178265824
63.4665323997
63.4665323997
63.382769021
63.6340611804
63.4665323997
63.7178265824
63.8853594099
63.382769021
63.4665323997
63.2152442868
63.6340611804
63.382769021
63.6340611804
63.382769021
63.4665323997
63.382769021
63.4665323997
63.8853594099
64.1366637098
63.7178265824
63.9691268353
63.8853594099
63.6340611804
63.8853594099
63.6340611804
63.8853594099
63.382769021
62.9639622435
63.382769021
64.1366637098
63.382769021
63.6340611804
63.382769021
63.4665323997
63.2152442868
63.4665323997
63.9691268353
63.7178265824
63.7178265824
63.7178265824
63.6340611804
63.382769021
63.7178265824
63.382769021
63.8853594099
63.2152442868
63.2152442868
63.6340611804
63.4665323997
63.382769021
63.4665323997
63.0477222502
63.2152442868
64.1366637098
63.9691268353
63.8853594099
63.4665323997
63.8853594099
63.7178265824
63.7178265824
64.1366637098
63.9691268353
63.4665323997
63.382769021
64.1366637098
63.6340611804
63.382769021
63.2152442868
63.382769021
63.8853594099
63.0477222502
63.9691268353
63.9691268353
63.6340611804
63.7178265824
63.9691268353
63.6340611804
63.6340611804
63.6340611804
64.5555177002
63.6340611804
63.4665323997
63.6340611804
63.7178265824
63.6340611804
63.6340611804
63.9691268353
63.8853594099
63.382769021
63.382769021
64.1366637098
63.9691268353
63.7178265824
63.4665323997
63.6340611804
63.4665323997
63.7178265824
63.8853594099
63.6340611804
63.6340611804
63.8853594099
63.9691268353
63.7178265824
63.2152442868
63.7178265824
62.9639622435
63.7178265824
63.4665323997
63.6340611804
63.2152442868
63.382769021
63.2152442868
63.4665323997
63.382769021
63.2152442868
63.2152442868
63.6340611804
63.8853594099
64.1366637098
63.8853594099
63.7178265824
63.4665323997
63.6340611804
63.8853594099
64.1366637098
63.6340611804
63.4665323997
63.2152442868
63.9691268353
63.9691268353
64.1366637098
63.8853594099
63.6340611804
63.382769021
63.8853594099
63.6340611804
64.2204331588
63.6340611804
63.8853594099
64.2204331588
63.382769021
63.2152442868
62.7964442531
64.1366637098
63.6340611804
64.1366637098
64.3879740804
63.2152442868
64.2204331588
64.5555177002
63.8853594099
63.6340611804
63.8853594099
64.1366637098
64.1366637098
64.1366637098
63.6340611804
64.1366637098
63.0477222502
64.1366637098
63.8853594099
63.2152442868
64.2204331588
64.5555177002
64.2204331588
63.7178265824
63.7178265824
64.1366637098
64.3879740804
63.8853594099
64.1366637098
64.1366637098
63.8853594099
63.8853594099
63.9691268353
63.6340611804
63.9691268353
63.8853594099
63.9691268353
64.8068381895
64.2204331588
64.3879740804
64.5555177002
63.8853594099
63.7178265824
63.382769021
64.1366637098
63.382769021
64.2204331588
64.3879740804
64.1366637098
63.9691268353
63.4665323997
64.1366637098
63.7178265824
63.8853594099
65.0581647503
64.8906130351
63.8853594099
63.8853594099
63.7178265824
63.8853594099
63.9691268353
63.9691268353
63.7178265824
64.3879740804
63.7178265824
63.4665323997
63.6340611804
64.2204331588
63.9691268353
64.5555177002
64.1366637098
63.9691268353
64.1366637098
63.6340611804
63.9691268353
63.4665323997
63.8853594099
63.0477222502
63.9691268353
64.2204331588
63.6340611804
64.2204331588
63.8853594099
63.8853594099
62.7964442531
63.382769021
64.1366637098
64.1366637098
63.8853594099
63.6340611804
63.8853594099
64.3879740804
64.1366637098
64.3879740804
63.8853594099
63.4665323997
64.3879740804
64.2204331588
63.9691268353
64.1366637098
64.5555177002
64.1366637098
