65.0581647503
66.0635317162
65.5608360881
66.0635317162
66.4824632967
66.2311023239
66.4824632967
66.2311023239
66.7338303433
65.8121808657
66.2311023239
66.31488864
66.2311023239
66.0635317162
66.31488864
65.6446170059
66.4824632967
66.2311023239
65.8121808657
65.8121808657
66.2311023239
65.3932762767
65.3932762767
66.31488864
65.3932762767
65.8121808657
65.8121808657
65.8121808657
66.0635317162
65.3094973831
65.3094973831
66.0635317162
66.4824632967
65.6446170059
65.8959638078
66.2311023239
66.31488864
66.31488864
66.5662516373
65.5608360881
65.8121808657
66.7338303433
65.5608360881
66.8176207086
66.5662516373
66.5662516373
66.4824632967
66.0635317162
65.6446170059
66.2311023239
66.4824632967
65.8959638078
66.31488864
65.8959638078
65.8121808657
66.2311023239
65.3094973831
65.1419416199
65.6446170059
65.5608360881
65.8121808657
65.6446170059
65.8121808657
65.5608360881
65.5608360881
65.0581647503
65.3094973831
65.5608360881
66.0635317162
65.6446170059
65.3932762767
65.3932762767
66.31488864
65.6446170059
65.6446170059
65.8959638078
65.8959638078
65.3094973831
65.5608360881
65.5608360881
66.0635317162
66.2311023239
65.8959638078
66.2311023239
65.8959638078
65.1419416199
65.6446170059
65.8121808657
66.4824632967
66.0635317162
66.0635317162
65.8959638078
65.5608360881
65.3932762767
66.0635317162
66.2311023239
65.0581647503
65.8959638078
65.8121808657
65.3932762767
66.31488864
65.8121808657
66.0635317162
66.31488864
66.4824632967
65.8121808657
66.5662516373
65.5608360881
66.0635317162
65.3932762767
65.8959638078
65.8959638078
65.8121808657
66.0635317162
66.2311023239
65.5608360881
65.8121808657
65.5608360881
65.5608360881
66.5662516373
65.6446170059
65.8121808657
65.6446170059
65.8121808657
65.8959638078
66.0635317162
65.6446170059
66.2311023239
65.3932762767
65.5608360881
66.2311023239
65.6446170059
66.0635317162
66.5662516373
65.8959638078
66.0635317162
65.8121808657
66.2311023239
66.31488864
66.4824632967
66.2311023239
66.4824632967
66.8176207086
66.31488864
66.2311023239
65.8121808657
66.0635317162
65.6446170059
65.6446170059
65.0581647503
65.8121808657
65.8121808657
65.8121808657
65.8959638078
65.5608360881
66.2311023239
66.4824632967
66.4824632967
66.0635317162
65.5608360881
66.2311023239
65.5608360881
66.0635317162
65.6446170059
66.0635317162
65.5608360881
66.0635317162
66.31488864
65.8121808657
65.8121808657
65.5608360881
65.8959638078
66.4824632967
66.0635317162
66.0635317162
66.0635317162
65.8121808657
65.6446170059
66.0635317162
65.1419416199
65.3932762767
65.8121808657
65.3932762767
65.3932762767
66.2311023239
65.8959638078
65.5608360881
65.8121808657
65.8121808657
66.2311023239
66.2311023239
66.31488864
66.0635317162
65.5608360881
65.8959638078
65.8121808657
66.2311023239
65.1419416199
65.8959638078
66.0635317162
65.8121808657
65.6446170059
65.6446170059
65.8121808657
65.8959638078
65.8959638078
65.3932762767
65.6446170059
65.6446170059
65.3932762767
65.3094973831
66.5662516373
65.5608360881
65.8121808657
65.3932762767
65.6446170059
66.7338303433
65.6446170059
65.8959638078
66.4824632967
65.3932762767
66.2311023239
66.0635317162
65.3094973831
65.8959638078
65.5608360881
65.3932762767
66.0635317162
66.2311023239
65.8121808657
65.8121808657
65.3094973831
65.8121808657
66.4824632967
65.8121808657
65.6446170059
65.8959638078
65.8121808657
65.5608360881
65.6446170059
65.6446170059
65.0581647503
65.6446170059
65.8121808657
65.1419416199
66.0635317162
65.3932762767
65.5608360881
65.3094973831
66.2311023239
65.0581647503
66.2311023239
65.8959638078
65.6446170059
65.8121808657
65.6446170059
65.1419416199
65.6446170059
65.5608360881
66.0635317162
65.3094973831
65.8121808657
65.5608360881
65.8121808657
66.2311023239
65.5608360881
65.8121808657
65.6446170059
65.6446170059
65.8121808657
65.3094973831
65.5608360881
65.1419416199
65.6446170059
65.8121808657
65.1419416199
65.8959638078
65.5608360881
65.8121808657
65.5608360881
65.6446170059
65.6446170059
65.8121808657
66.4824632967
65.8959638078
66.2311023239
66.0635317162
65.5608360881
65.3932762767
65.3094973831
65.3094973831
65.3094973831
65.1419416199
65.3932762767
65.1419416199
64.8906130351
65.5608360881
65.5608360881
66.31488864
65.5608360881
65.3932762767
65.6446170059
65.3094973831
65.1419416199
65.6446170059
65.6446170059
65.1419416199
65.3932762767
65.3094973831
65.8959638078
66.0635317162
66.31488864
66.0635317162
65.8959638078
65.6446170059
65.3094973831
65.3094973831
65.6446170059
65.3932762767
65.0581647503
65.3932762767
65.1419416199
64.6392905221
65.3932762767
66.31488864
64.8906130351
65.5608360881
65.3932762767
65.5608360881
65.8121808657
65.3932762767
65.3932762767
65.3932762767
65.6446170059
65.8959638078
65.3094973831
65.3932762767
65.5608360881
65.6446170059
65.3932762767
65.1419416199
65.3094973831
65.3932762767
65.8959638078
65.5608360881
65.1419416199
65.8121808657
66.2311023239
65.8121808657
65.5608360881
65.1419416199
65.3932762767
65.6446170059
65.8121808657
65.8121808657
65.6446170059
65.3932762767
65.8121808657
65.1419416199
65.6446170059
65.3932762767
65.5608360881
65.5608360881
66.4824632967
65.8121808657
65.8959638078
65.5608360881
65.8959638078
66.31488864
65.8121808657
65.8959638078
65.3094973831
65.8959638078
65.3932762767
65.8121808657
66.0635317162
65.5608360881
65.8959638078
65.1419416199
65.3932762767
65.3094973831
65.8121808657
66.31488864
65.1419416199
65.8959638078
65.3932762767
65.3932762767
66.31488864
65.6446170059
65.8121808657
65.5608360881
65.3932762767
65.3932762767
64.8906130351
65.1419416199
65.3094973831
65.8121808657
66.4824632967
65.5608360881
65.5608360881
65.5608360881
65.3094973831
65.6446170059
65.3932762767
65.3094973831
65.9797474246
66.2311023239
65.1419416199
65.6446170059
65.1419416199
66.0635317162
65.8121808657
65.5608360881
65.1419416199
66.2311023239
65.3932762767
65.3932762767
66.0635317162
65.8121808657
65.6446170059
65.6446170059
66.0635317162
65.6446170059
65.8121808657
66.4824632967
65.9797474246
65.9797474246
65.8121808657
65.5608360881
65.6446170059
65.8121808657
66.2311023239
66.2311023239
66.2311023239
66.31488864
65.3932762767
65.6446170059
65.9797474246
66.7338303433
66.5662516373
65.9797474246
66.2311023239
66.2311023239
65.6446170059
65.5608360881
65.3094973831
66.0635317162
65.5608360881
65.9797474246
65.9797474246
65.9797474246
66.2311023239
65.6446170059
65.9797474246
65.8121808657
65.5608360881
66.0635317162
65.9797474246
65.9797474246
65.0581647503
65.5608360881
65.3094973831
66.0635317162
65.3932762767
66.4824632967
65.5608360881
66.0635317162
65.8121808657
66.4824632967
65.8121808657
65.8121808657
66.31488864
64.8906130351
65.6446170059
66.2311023239
65.3094973831
65.5608360881
65.5608360881
66.0635317162
65.9797474246
65.3094973831
65.0581647503
66.0635317162
65.8959638078
65.6446170059
65.1419416199
65.5608360881
65.3932762767
65.3932762767
65.8959638078
66.2311023239
66.2311023239
66.31488864
65.8121808657
66.2311023239
66.4824632967
65.3094973831
66.5662516373
65.8121808657
